0	0.732477
1	1.216923
10	0.886178
11	0.644233
12	0.990207
13	0.902504
14	0.328978
15	1.200841
16	0.617000
17	0.549681
18	1.004297
19	0.877365
2	1.009456
20	1.137352
21	9.043122
22	1.037118
23	0.566781
24	1.012349
25	0.808978
26	0.825147
27	1.322241
28	0.871250
29	0.858821
3	0.739132
30	0.863460
31	2.117731
32	0.969331
33	0.988630
34	0.962032
35	0.491077
36	0.765372
37	1.306422
38	1.152289
39	1.119697
4	0.736681
40	0.720880
41	0.940642
42	0.570068
43	0.904928
44	0.625422
45	1.431825
46	0.813070
47	0.507870
49	1.135747
5	0.478658
50	0.823734
51	0.919767
52	0.830414
53	0.599315
54	0.676218
55	0.678197
56	0.538201
57	0.808857
58	0.857267
59	0.500517
6	0.682592
60	0.544887
61	0.698337
62	1.004696
63	1.714897
64	1.002160
65	0.983480
66	1.004157
67	0.690617
68	0.881875
69	0.876532
7	0.991042
70	1.196619
71	1.496110
72	1.915152
73	0.535280
74	0.426122
75	0.433111
76	0.889444
77	0.627374
78	1.623135
79	0.952639
8	0.342982
80	1.174181
81	0.583486
82	0.673511
83	1.261511
84	1.053844
85	0.689402
86	1.320968
87	0.477333
88	1.260453
89	0.550935
9	1.653763
90	0.906469
91	0.741179
92	1.598732
93	0.949524
94	1.046859
95	1.378763
96	0.805822
97	1.062460
98	1.116451
0	-1,0.732515,1,15,66,96
1	-1,1.216993,37,72
10	-1,0.886228,4,6,38,67,78,80
11	-1,0.644267,6,28,40,49,51,67,89
12	-1,0.990259,24,28,50,55,67,85,98
13	-1,0.902553,25,32,33,35,76
14	-1,0.328987,36,39,44,62,98
15	-1,1.200911,47,70,79,95,97
16	-1,0.617031,45,52,67,80
17	-1,0.549707,18,39,41,53,63,72,79,99
18	-1,1.004353,52,61,62,87
19	-1,0.877414,27,33,37,45,92
2	-1,1.009512,31,63
20	-1,1.137420,7,94
22	-1,1.037176,25,65,72,83,97
23	-1,0.566809,92,99
24	-1,1.012402,9,10,18,38,55,93,94
25	-1,0.809020,63
26	-1,0.825191,15,23,28,64
27	-1,1.322315,32,68,70,92
28	-1,0.871296,21,25,72
29	-1,0.858870,18,23,31,36,86
3	-1,0.739172,30,42,45,86
30	-1,0.863505,80,84,95
31	-1,2.117860,29,36,46,49,54,62,70,85
32	-1,0.969383,2,3,6,27,47,69,71,91
33	-1,0.988684,2,56,58,86
34	-1,0.962088,0,7,77,78
35	-1,0.491096,12,18,62,64,65,66,83,91
36	-1,0.765414,12,20,30,34,61,75,77,99
37	-1,1.306500,40,59,71,97
38	-1,1.152351,30,41,98
39	-1,1.119762,31,43,68,71,92
4	-1,0.736721,24,42,46,86
40	-1,0.720918,7,71,72,73
41	-1,0.940693,44,45,49,66
42	-1,0.570096,36,45,70,89,99
43	-1,0.904981,4,21,24,56,67,68,80,86,90
44	-1,0.625453,17,37,38
45	-1,1.431909,18,53,58,83,86,90
46	-1,0.813115,78
47	-1,0.507894,5,14,52,70,73
49	-1,1.135815,2,29,31,39,84
5	-1,0.478677,2,9,24,50,61,81,98
50	-1,0.823779,0,20,46,68
51	-1,0.919820,38,45,61,71
52	-1,0.830458,27,31,64,91
53	-1,0.599345,2,13,65,78,95
54	-1,0.676251,12,69,77
55	-1,0.678231,10,19,22,25,51,58,62
56	-1,0.538226,29,36,80,96,98
57	-1,0.808901,86,94,96,98
58	-1,0.857313,16,38,71,73,78
59	-1,0.500540,10,24,69,92
6	-1,0.682627,15,22,58,80
60	-1,0.544914,14,49,53,56,65
61	-1,0.698372,6,9,18,20,99
62	-1,1.004755,11,22,33,91
63	-1,1.714999,3,64,65,72
64	-1,1.002215,3,27,28,31,33,39,78
65	-1,0.983534,27,88
66	-1,1.004212,8,19,72,81,83,98
67	-1,0.690651,2,26,30,31,32,45
68	-1,0.881925,1,6,19,28,40,81,85
69	-1,0.876578,12,22,42,46,55,72,88
7	-1,0.991097,12,21,38,57,93
70	-1,1.196691,20,63,99
71	-1,1.496202,15,16,45,84,97
72	-1,1.915270,10,49,51,92,93,95
73	-1,0.535303,41,50,51,84,92
74	-1,0.426140,35,54,84
75	-1,0.433130,29,34,37,51,54,65,85,91
76	-1,0.889496,9
77	-1,0.627403,0,5,32,37,40,41,44,69,79,83,85,86,87
78	-1,1.623228,13,19,34,82
79	-1,0.952692,0,26,43,74,90
8	-1,0.342993,13,41,59,87
80	-1,1.174247,31,79
81	-1,0.583513,5,21,26,78,93,96
82	-1,0.673548,2,23,24,32,52,53
83	-1,1.261583,1,4,10,18,27,29,70
84	-1,1.053903,9,21
85	-1,0.689438,32,54,57,64,69,90,99
86	-1,1.321048,11,60,71,95
87	-1,0.477354,8,19,20,27,30,47,54,63
88	-1,1.260529,21,26,44,50,55,82
89	-1,0.550963,16,32,35,38,40,57,58
9	-1,1.653862,33,39,41,43,51,69,80
90	-1,0.906521,1,26,52,93,96
91	-1,0.741215,12,24,66,81,95
92	-1,1.598828,22,34,39,57
93	-1,0.949578,15,43,66,75
94	-1,1.046917,4,17,20,90
95	-1,1.378847,76,88
96	-1,0.805864,12,13,24,31,60,74
97	-1,1.062524,37,50,62,89
98	-1,1.116512,5,13,15,28,49,66,92,94
99	-1,1.169110,1,83
21	-1,9.039001
99	1.169045
