0	0.810385
1	1.200357
10	0.868452
11	0.575000
12	1.248928
13	0.992917
14	0.490000
15	1.276250
16	0.611428
17	0.645833
18	1.257024
19	0.853274
2	1.213512
20	1.240833
21	2.256111
22	1.030357
23	0.674167
24	1.365635
25	0.894761
26	0.915001
27	1.412857
28	0.954464
29	0.823928
3	0.590178
30	1.000000
31	2.127262
32	1.124075
33	0.945357
34	0.787500
35	0.724762
36	0.936250
37	1.412468
38	1.370357
39	1.221607
4	0.720040
40	0.792170
41	1.108896
42	0.696428
43	0.823928
44	0.739552
45	1.651667
46	0.802678
47	0.532500
49	1.008095
5	0.633301
50	0.917024
51	0.932202
52	1.056667
53	0.709584
54	0.873511
55	0.655952
56	0.626944
57	0.775357
58	0.959524
59	0.575000
6	0.810774
60	0.504167
61	0.972678
62	1.078928
63	1.920833
64	1.015178
65	1.085000
66	1.170000
67	0.841468
68	0.839444
69	1.060325
7	1.000000
70	1.100178
71	1.446250
72	1.822678
73	0.702500
74	0.461667
75	0.468750
76	0.745000
77	0.752083
78	1.957262
79	1.086635
8	0.397917
80	1.385873
81	0.704524
82	0.504167
83	1.199968
84	1.226666
85	0.670741
86	1.471496
87	0.640385
88	1.121428
89	0.823928
9	1.837857
90	0.890040
91	0.893750
92	1.757917
93	0.894762
94	1.015178
95	1.297500
96	1.056667
97	0.872500
98	1.370357
0	-1,1.000000,1,15,66,96
1	-1,1.000000,37,72
10	-1,1.000000,4,6,38,67,78,80
11	-1,1.000000,6,28,40,49,51,67,89
12	-1,1.000000,24,28,50,55,67,85,98
13	-1,1.000000,25,32,33,35,76
14	-1,1.000000,36,39,44,62,98
15	-1,1.000000,47,70,79,95,97
16	-1,1.000000,45,52,67,80
17	-1,1.000000,18,39,41,53,63,72,79,99
18	-1,1.000000,52,61,62,87
19	-1,1.000000,27,33,37,45,92
2	-1,1.000000,31,63
20	-1,1.000000,7,94
22	-1,1.000000,25,65,72,83,97
23	-1,1.000000,92,99
24	-1,1.000000,9,10,18,38,55,93,94
25	-1,1.000000,63
26	-1,1.000000,15,23,28,64
27	-1,1.000000,32,68,70,92
28	-1,1.000000,21,25,72
29	-1,1.000000,18,23,31,36,86
3	-1,1.000000,30,42,45,86
30	-1,1.000000,80,84,95
31	-1,1.000000,29,36,46,49,54,62,70,85
32	-1,1.000000,2,3,6,27,47,69,71,91
33	-1,1.000000,2,56,58,86
34	-1,1.000000,0,7,77,78
35	-1,1.000000,12,18,62,64,65,66,83,91
36	-1,1.000000,12,20,30,34,61,75,77,99
37	-1,1.000000,40,59,71,97
38	-1,1.000000,30,41,98
39	-1,1.000000,31,43,68,71,92
4	-1,1.000000,24,42,46,86
40	-1,1.000000,7,71,72,73
41	-1,1.000000,44,45,49,66
42	-1,1.000000,36,45,70,89,99
43	-1,1.000000,4,21,24,56,67,68,80,86,90
44	-1,1.000000,17,37,38
45	-1,1.000000,18,53,58,83,86,90
46	-1,1.000000,78
47	-1,1.000000,5,14,52,70,73
48	-1,1.000000,18,39,61,79,89
49	-1,1.000000,2,29,31,39,84
5	-1,1.000000,2,9,24,50,61,81,98
50	-1,1.000000,0,20,46,68
51	-1,1.000000,38,45,61,71
52	-1,1.000000,27,31,64,91
53	-1,1.000000,2,13,65,78,95
54	-1,1.000000,12,69,77
55	-1,1.000000,10,19,22,25,51,58,62
56	-1,1.000000,29,36,80,96,98
57	-1,1.000000,86,94,96,98
58	-1,1.000000,16,38,71,73,78
59	-1,1.000000,10,24,69,92
6	-1,1.000000,15,22,58,80
60	-1,1.000000,14,49,53,56,65
61	-1,1.000000,6,9,18,20,99
62	-1,1.000000,11,22,33,91
63	-1,1.000000,3,64,65,72
64	-1,1.000000,3,27,28,31,33,39,78
65	-1,1.000000,27,88
66	-1,1.000000,8,19,72,81,83,98
67	-1,1.000000,2,26,30,31,32,45
68	-1,1.000000,1,6,19,28,40,81,85
69	-1,1.000000,12,22,42,46,55,72,88
7	-1,1.000000,12,21,38,57,93
70	-1,1.000000,20,63,99
71	-1,1.000000,15,16,45,84,97
72	-1,1.000000,10,49,51,92,93,95
73	-1,1.000000,41,50,51,84,92
74	-1,1.000000,35,54,84
75	-1,1.000000,29,34,37,51,54,65,85,91
76	-1,1.000000,9
77	-1,1.000000,0,5,32,37,40,41,44,69,79,83,85,86,87
78	-1,1.000000,13,19,34,82
79	-1,1.000000,0,26,43,74,90
8	-1,1.000000,13,41,59,87
80	-1,1.000000,31,79
81	-1,1.000000,5,21,26,78,93,96
82	-1,1.000000,2,23,24,32,52,53
83	-1,1.000000,1,4,10,18,27,29,70
84	-1,1.000000,9,21
85	-1,1.000000,32,54,57,64,69,90,99
86	-1,1.000000,11,60,71,95
87	-1,1.000000,8,19,20,27,30,47,54,63
88	-1,1.000000,21,26,44,50,55,82
89	-1,1.000000,16,32,35,38,40,57,58
9	-1,1.000000,33,39,41,43,51,69,80
90	-1,1.000000,1,26,52,93,96
91	-1,1.000000,12,24,66,81,95
92	-1,1.000000,22,34,39,57
93	-1,1.000000,15,43,66,75
94	-1,1.000000,4,17,20,90
95	-1,1.000000,76,88
96	-1,1.000000,12,13,24,31,60,74
97	-1,1.000000,37,50,62,89
98	-1,1.000000,5,13,15,28,49,66,92,94
99	-1,1.000000,1,83
21	-1,1.000000
99	1.532262
