1	1,1.000000,37,72
10	1,1.000000,4,6,38,67,78,80
12	1,1.000000,24,28,50,55,67,85,98
14	1,1.000000,36,39,44,62,98
16	1,1.000000,45,52,67,80
18	1,1.000000,52,61,62,87
23	1,1.000000,92,99
25	1,1.000000,63
27	1,1.000000,32,68,70,92
29	1,1.000000,18,23,31,36,86
3	1,1.000000,30,42,45,86
30	1,1.000000,80,84,95
32	1,1.000000,2,3,6,27,47,69,71,91
34	1,1.000000,0,7,77,78
36	1,1.000000,12,20,30,34,61,75,77,99
38	1,1.000000,30,41,98
41	1,1.000000,44,45,49,66
43	1,1.000000,4,21,24,56,67,68,80,86,90
45	1,1.000000,18,53,58,83,86,90
47	1,1.000000,5,14,52,70,73
49	1,1.000000,2,29,31,39,84
5	1,1.000000,2,9,24,50,61,81,98
50	1,1.000000,0,20,46,68
52	1,1.000000,27,31,64,91
54	1,1.000000,12,69,77
56	1,1.000000,29,36,80,96,98
58	1,1.000000,16,38,71,73,78
61	1,1.000000,6,9,18,20,99
63	1,1.000000,3,64,65,72
65	1,1.000000,27,88
67	1,1.000000,2,26,30,31,32,45
69	1,1.000000,12,22,42,46,55,72,88
7	1,1.000000,12,21,38,57,93
70	1,1.000000,20,63,99
72	1,1.000000,10,49,51,92,93,95
74	1,1.000000,35,54,84
76	1,1.000000,9
78	1,1.000000,13,19,34,82
81	1,1.000000,5,21,26,78,93,96
83	1,1.000000,1,4,10,18,27,29,70
85	1,1.000000,32,54,57,64,69,90,99
87	1,1.000000,8,19,20,27,30,47,54,63
89	1,1.000000,16,32,35,38,40,57,58
9	1,1.000000,33,39,41,43,51,69,80
90	1,1.000000,1,26,52,93,96
92	1,1.000000,22,34,39,57
94	1,1.000000,4,17,20,90
96	1,1.000000,12,13,24,31,60,74
98	1,1.000000,5,13,15,28,49,66,92,94
21	1,1.000000
42	0.696428
60	0.504167
82	0.504167
62	1.078928
64	1.015178
53	0.709584
66	1.170000
68	0.839444
80	1.385873
86	1.471496
84	1.226666
24	1.365635
26	0.915001
20	1.240833
22	1.030357
46	0.802678
44	0.739552
28	0.954464
40	0.792170
0	0.810385
2	1.213512
4	0.720040
6	0.810774
8	0.397917
97	0.872500
39	1.221607
77	0.752083
75	0.468750
73	0.702500
71	1.446250
91	0.893750
59	0.575000
93	0.894762
95	1.297500
79	1.086635
11	0.575000
51	0.932202
13	0.992917
15	1.276250
17	0.645833
19	0.853274
55	0.655952
31	2.127262
37	1.412468
88	1.121428
35	0.724762
99	1.532262
33	0.945357
57	0.775357
