NodeId:24	-1,1.035471,9,10,18,38,55,93,94
NodeId:25	-1,0.827578,63
NodeId:26	-1,0.844735,15,23,28,64
NodeId:27	-1,1.355735,32,68,70,92
NodeId:20	-1,1.166295,7,94
NodeId:21	-1,7.133878
NodeId:22	-1,1.062953,25,65,72,83,97
NodeId:23	-1,0.579047,92,99
NodeId:28	-1,0.89179,21,25,72
NodeId:29	-1,0.880037,18,23,31,36,86
NodeId:0	-1,0.74944,1,15,66,96
NodeId:4	-1,0.754571,24,42,46,86
NodeId:8	-1,0.348039,13,41,59,87
NodeId:59	-1,0.51027,10,24,69,92
NodeId:58	-1,0.877662,16,38,71,73,78
NodeId:55	-1,0.693423,10,19,22,25,51,58,62
NodeId:54	-1,0.690372,12,69,77
NodeId:57	-1,0.82867,86,94,96,98
NodeId:56	-1,0.549477,29,36,80,96,98
NodeId:51	-1,0.942531,38,45,61,71
NodeId:50	-1,0.843197,0,20,46,68
NodeId:53	-1,0.612295,2,13,65,78,95
NodeId:52	-1,0.849579,27,31,64,91
NodeId:88	-1,1.294304,21,26,44,50,55,82
NodeId:89	-1,0.562829,16,32,35,38,40,57,58
NodeId:82	-1,0.690097,2,23,24,32,52,53
NodeId:83	-1,1.293408,1,4,10,18,27,29,70
NodeId:80	-1,1.203361,31,79
NodeId:81	-1,0.595001,5,21,26,78,93,96
NodeId:86	-1,1.35578,11,60,71,95
NodeId:87	-1,0.485776,8,19,20,27,30,47,54,63
NodeId:84	-1,1.079603,9,21
NodeId:85	-1,0.70508,32,54,57,64,69,90,99
NodeId:3	-1,0.756784,30,42,45,86
NodeId:7	-1,1.01582,12,21,38,57,93
NodeId:39	-1,1.148525,31,43,68,71,92
NodeId:38	-1,1.180828,30,41,98
NodeId:33	-1,1.013349,2,56,58,86
NodeId:32	-1,0.992681,2,3,6,27,47,69,71,91
NodeId:31	-1,2.175575,29,36,46,49,54,62,70,85
NodeId:30	-1,0.88347,80,84,95
NodeId:37	-1,1.340406,40,59,71,97
NodeId:36	-1,0.782625,12,20,30,34,61,75,77,99
NodeId:35	-1,0.499634,12,18,62,64,65,66,83,91
NodeId:34	-1,0.986805,0,7,77,78
NodeId:60	-1,0.556997,14,49,53,56,65
NodeId:61	-1,0.713731,6,9,18,20,99
NodeId:62	-1,1.029317,11,22,33,91
NodeId:63	-1,1.759829,3,64,65,72
NodeId:64	-1,1.026575,3,27,28,31,33,39,78
NodeId:65	-1,1.007057,27,88
NodeId:66	-1,1.027719,8,19,72,81,83,98
NodeId:67	-1,0.705852,2,26,30,31,32,45
NodeId:68	-1,0.904182,1,6,19,28,40,81,85
NodeId:69	-1,0.896519,12,22,42,46,55,72,88
NodeId:2	-1,1.03392,31,63
NodeId:6	-1,0.697711,15,22,58,80
NodeId:99	-1,1.197227,1,83
NodeId:98	-1,1.14265,5,13,15,28,49,66,92,94
NodeId:91	-1,0.757408,12,24,66,81,95
NodeId:90	-1,0.929129,1,26,52,93,96
NodeId:93	-1,0.973511,15,43,66,75
NodeId:92	-1,1.640396,22,34,39,57
NodeId:95	-1,1.415357,76,88
NodeId:94	-1,1.073046,4,17,20,90
NodeId:97	-1,1.090477,37,50,62,89
NodeId:96	-1,0.824066,12,13,24,31,60,74
NodeId:11	-1,0.659529,6,28,40,49,51,67,89
NodeId:10	-1,0.907811,4,6,38,67,78,80
NodeId:13	-1,0.92375,25,32,33,35,76
NodeId:12	-1,1.012665,24,28,50,55,67,85,98
NodeId:15	-1,1.231629,47,70,79,95,97
NodeId:14	-1,0.333408,36,39,44,62,98
NodeId:17	-1,0.561002,18,39,41,53,63,72,79,99
NodeId:16	-1,0.631015,45,52,67,80
NodeId:19	-1,0.898704,27,33,37,45,92
NodeId:18	-1,1.028743,52,61,62,87
NodeId:49	-1,1.165108,2,29,31,39,84
NodeId:46	-1,0.832595,78
NodeId:47	-1,0.518081,5,14,52,70,73
NodeId:44	-1,0.638593,17,37,38
NodeId:45	-1,1.468814,18,53,58,83,86,90
NodeId:42	-1,0.582023,36,45,70,89,99
NodeId:43	-1,0.928144,4,21,24,56,67,68,80,86,90
NodeId:40	-1,0.737485,7,71,72,73
NodeId:41	-1,0.962453,44,45,49,66
NodeId:1	-1,1.247962,37,72
NodeId:5	-1,0.487157,2,9,24,50,61,81,98
NodeId:9	-1,1.696983,33,39,41,43,51,69,80
NodeId:77	-1,0.640719,0,5,32,37,40,41,44,69,79,83,85,86,87
NodeId:76	-1,0.912566,9
NodeId:75	-1,0.441529,29,34,37,51,54,65,85,91
NodeId:74	-1,0.433858,35,54,84
NodeId:73	-1,0.545661,41,50,51,84,92
NodeId:72	-1,1.966814,10,49,51,92,93,95
NodeId:71	-1,1.536724,15,16,45,84,97
NodeId:70	-1,1.227987,20,63,99
NodeId:79	-1,0.976359,0,26,43,74,90
NodeId:78	-1,1.665181,13,19,34,82
