0	0.733459
1	1.218715
10	0.887422
11	0.645105
12	0.991511
13	0.903719
14	0.329238
15	1.202615
16	0.617811
17	0.550324
18	1.005698
19	0.878590
2	1.010871
20	1.139005
21	8.936531
22	1.038610
23	0.567480
24	1.013694
25	0.810058
26	0.826281
27	1.324173
28	0.872436
29	0.860053
3	0.740162
30	0.864613
31	2.121057
32	0.970671
33	0.990064
34	0.963448
35	0.491576
36	0.766373
37	1.308377
38	1.153919
39	1.121365
4	0.737696
40	0.721845
41	0.941902
42	0.570757
43	0.906262
44	0.626184
45	1.433961
46	0.814206
47	0.508464
49	1.137457
5	0.479146
50	0.824860
51	0.921081
52	0.831523
53	0.600058
54	0.677051
55	0.679077
56	0.538857
57	0.809994
58	0.858442
59	0.501088
6	0.683465
60	0.545571
61	0.699225
62	1.006137
63	1.717468
64	1.003580
65	0.984851
66	1.005524
67	0.691501
68	0.883143
69	0.877692
7	0.992485
70	1.198424
71	1.498441
72	1.918150
73	0.535886
74	0.426576
75	0.433587
76	0.890762
77	0.628142
78	1.625568
79	0.953996
8	0.343276
80	1.175863
81	0.584164
82	0.674458
83	1.263356
84	1.055332
85	0.690318
86	1.322966
87	0.477824
88	1.262389
89	0.551617
9	1.656305
90	0.907776
91	0.742119
92	1.601134
93	0.950900
94	1.048373
95	1.380870
96	0.806873
97	1.064094
98	1.117971
0	-1,0.733689,1,15,66,96
1	-1,1.219138,37,72
10	-1,0.887715,4,6,38,67,78,80
11	-1,0.645309,6,28,40,49,51,67,89
12	-1,0.991817,24,28,50,55,67,85,98
13	-1,0.904005,25,32,33,35,76
14	-1,0.329298,36,39,44,62,98
15	-1,1.203034,47,70,79,95,97
16	-1,0.618002,45,52,67,80
17	-1,0.550476,18,39,41,53,63,72,79,99
18	-1,1.006026,52,61,62,87
19	-1,0.878878,27,33,37,45,92
2	-1,1.011203,31,63
20	-1,1.139392,7,94
22	-1,1.038962,25,65,72,83,97
23	-1,0.567644,92,99
24	-1,1.014009,9,10,18,38,55,93,94
25	-1,0.810311,63
26	-1,0.826548,15,23,28,64
27	-1,1.324629,32,68,70,92
28	-1,0.872715,21,25,72
29	-1,0.860343,18,23,31,36,86
3	-1,0.740403,30,42,45,86
30	-1,0.864883,80,84,95
31	-1,2.121838,29,36,46,49,54,62,70,85
32	-1,0.970985,2,3,6,27,47,69,71,91
33	-1,0.990402,2,56,58,86
34	-1,0.963781,0,7,77,78
35	-1,0.491693,12,18,62,64,65,66,83,91
36	-1,0.766606,12,20,30,34,61,75,77,99
37	-1,1.308837,40,59,71,97
38	-1,1.154301,30,41,98
39	-1,1.121757,31,43,68,71,92
4	-1,0.737935,24,42,46,86
40	-1,0.722073,7,71,72,73
41	-1,0.942200,44,45,49,66
42	-1,0.570918,36,45,70,89,99
43	-1,0.906577,4,21,24,56,67,68,80,86,90
44	-1,0.626363,17,37,38
45	-1,1.434461,18,53,58,83,86,90
46	-1,0.814471,78
47	-1,0.508604,5,14,52,70,73
49	-1,1.137858,2,29,31,39,84
5	-1,0.479261,2,9,24,50,61,81,98
50	-1,0.825126,0,20,46,68
51	-1,0.921392,38,45,61,71
52	-1,0.831783,27,31,64,91
53	-1,0.600232,2,13,65,78,95
54	-1,0.677246,12,69,77
55	-1,0.679284,10,19,22,25,51,58,62
56	-1,0.539009,29,36,80,96,98
57	-1,0.810260,86,94,96,98
58	-1,0.858718,16,38,71,73,78
59	-1,0.501223,10,24,69,92
6	-1,0.683669,15,22,58,80
60	-1,0.545733,14,49,53,56,65
61	-1,0.699433,6,9,18,20,99
62	-1,1.006473,11,22,33,91
63	-1,1.718074,3,64,65,72
64	-1,1.003913,3,27,28,31,33,39,78
65	-1,0.985173,27,88
66	-1,1.005845,8,19,72,81,83,98
67	-1,0.691708,2,26,30,31,32,45
68	-1,0.883440,1,6,19,28,40,81,85
69	-1,0.877964,12,22,42,46,55,72,88
7	-1,0.992825,12,21,38,57,93
70	-1,1.198847,20,63,99
71	-1,1.498987,15,16,45,84,97
72	-1,1.918855,10,49,51,92,93,95
73	-1,0.536027,41,50,51,84,92
74	-1,0.426683,35,54,84
75	-1,0.433699,29,34,37,51,54,65,85,91
76	-1,0.891071,9
77	-1,0.628322,0,5,32,37,40,41,44,69,79,83,85,86,87
78	-1,1.626141,13,19,34,82
79	-1,0.954316,0,26,43,74,90
8	-1,0.343345,13,41,59,87
80	-1,1.176260,31,79
81	-1,0.584324,5,21,26,78,93,96
82	-1,0.674680,2,23,24,32,52,53
83	-1,1.263790,1,4,10,18,27,29,70
84	-1,1.055684,9,21
85	-1,0.690533,32,54,57,64,69,90,99
86	-1,1.323433,11,60,71,95
87	-1,0.477939,8,19,20,27,30,47,54,63
88	-1,1.262844,21,26,44,50,55,82
89	-1,0.551777,16,32,35,38,40,57,58
9	-1,1.656902,33,39,41,43,51,69,80
90	-1,0.908082,1,26,52,93,96
91	-1,0.742340,12,24,66,81,95
92	-1,1.601700,22,34,39,57
93	-1,0.951224,15,43,66,75
94	-1,1.048730,4,17,20,90
95	-1,1.381367,76,88
96	-1,0.807121,12,13,24,31,60,74
97	-1,1.064479,37,50,62,89
98	-1,1.118327,5,13,15,28,49,66,92,94
99	-1,1.171054,1,83
21	-1,8.911191
99	1.170673
