0	0.786314
1	1.309049
10	0.961633
11	0.652269
12	1.053009
13	0.937903
14	0.348359
15	1.270718
16	0.648164
17	0.586941
18	1.072969
19	0.918508
2	1.051310
20	1.208349
21	4.281309
22	1.113018
23	0.580675
24	1.079673
25	0.881082
26	0.866980
27	1.442269
28	0.947870
29	0.919649
3	0.796797
30	0.928359
31	2.212004
32	1.034343
33	1.071028
34	0.999230
35	0.532123
36	0.786041
37	1.413263
38	1.203462
39	1.180183
4	0.798369
40	0.730109
41	1.003887
42	0.592114
43	0.954836
44	0.662015
45	1.528646
46	0.854904
47	0.535053
49	1.248839
5	0.516047
50	0.868980
51	0.967391
52	0.891052
53	0.625815
54	0.734959
55	0.730237
56	0.565274
57	0.842938
58	0.889124
59	0.507622
6	0.722687
60	0.544873
61	0.748105
62	1.084425
63	1.778329
64	1.061636
65	1.053937
66	1.089879
67	0.737489
68	0.927502
69	0.914102
7	1.057428
70	1.296784
71	1.539698
72	2.094305
73	0.567386
74	0.452199
75	0.449059
76	0.966139
77	0.669016
78	1.729082
79	1.008661
8	0.367552
80	1.230596
81	0.631511
82	0.679201
83	1.356119
84	1.128156
85	0.749744
86	1.364423
87	0.518638
88	1.358675
89	0.559973
9	1.691219
90	0.964309
91	0.775516
92	1.698742
93	0.998131
94	1.119050
95	1.448412
96	0.833968
97	1.110071
98	1.208032
0	-1,0.746114,1,15,66,96
1	-1,1.372368,37,72
10	-1,0.921589,4,6,38,67,78,80
11	-1,0.691965,6,28,40,49,51,67,89
12	-1,1.174362,24,28,50,55,67,85,98
13	-1,1.066400,25,32,33,35,76
14	-1,0.326233,36,39,44,62,98
15	-1,1.270533,47,70,79,95,97
16	-1,0.659030,45,52,67,80
17	-1,0.575264,18,39,41,53,63,72,79,99
18	-1,1.146573,52,61,62,87
19	-1,0.981293,27,33,37,45,92
2	-1,1.029860,31,63
20	-1,1.205182,7,94
22	-1,1.133523,25,65,72,83,97
23	-1,0.555929,92,99
24	-1,1.104624,9,10,18,38,55,93,94
25	-1,0.844039,63
26	-1,0.863920,15,23,28,64
27	-1,1.437179,32,68,70,92
28	-1,0.936719,21,25,72
29	-1,0.849494,18,23,31,36,86
3	-1,0.800881,30,42,45,86
30	-1,0.950406,80,84,95
31	-1,2.390571,29,36,46,49,54,62,70,85
32	-1,1.040330,2,3,6,27,47,69,71,91
33	-1,1.039564,2,56,58,86
34	-1,1.088757,0,7,77,78
35	-1,0.549650,12,18,62,64,65,66,83,91
36	-1,0.824364,12,20,30,34,61,75,77,99
37	-1,1.299134,40,59,71,97
38	-1,1.279658,30,41,98
39	-1,1.193293,31,43,68,71,92
4	-1,0.712282,24,42,46,86
40	-1,0.771127,7,71,72,73
41	-1,1.083213,44,45,49,66
42	-1,0.557175,36,45,70,89,99
43	-1,0.955706,4,21,24,56,67,68,80,86,90
44	-1,0.676985,17,37,38
45	-1,1.467594,18,53,58,83,86,90
46	-1,0.852652,78
47	-1,0.554436,5,14,52,70,73
49	-1,1.171006,2,29,31,39,84
5	-1,0.535109,2,9,24,50,61,81,98
50	-1,0.842257,0,20,46,68
51	-1,0.950084,38,45,61,71
52	-1,0.860302,27,31,64,91
53	-1,0.609738,2,13,65,78,95
54	-1,0.706120,12,69,77
55	-1,0.755106,10,19,22,25,51,58,62
56	-1,0.514412,29,36,80,96,98
57	-1,0.875053,86,94,96,98
58	-1,0.936863,16,38,71,73,78
59	-1,0.534707,10,24,69,92
6	-1,0.729573,15,22,58,80
60	-1,0.612387,14,49,53,56,65
61	-1,0.791588,6,9,18,20,99
62	-1,1.068502,11,22,33,91
63	-1,1.874667,3,64,65,72
64	-1,1.135609,3,27,28,31,33,39,78
65	-1,1.066485,27,88
66	-1,1.122527,8,19,72,81,83,98
67	-1,0.702252,2,26,30,31,32,45
68	-1,0.930588,1,6,19,28,40,81,85
69	-1,0.992905,12,22,42,46,55,72,88
7	-1,1.013035,12,21,38,57,93
70	-1,1.247845,20,63,99
71	-1,1.619496,15,16,45,84,97
72	-1,2.045380,10,49,51,92,93,95
73	-1,0.571981,41,50,51,84,92
74	-1,0.484422,35,54,84
75	-1,0.439613,29,34,37,51,54,65,85,91
76	-1,0.870233,9
77	-1,0.664315,0,5,32,37,40,41,44,69,79,83,85,86,87
78	-1,1.629479,13,19,34,82
79	-1,1.073753,0,26,43,74,90
8	-1,0.383791,13,41,59,87
80	-1,1.266146,31,79
81	-1,0.646522,5,21,26,78,93,96
82	-1,0.724788,2,23,24,32,52,53
83	-1,1.502289,1,4,10,18,27,29,70
84	-1,1.100802,9,21
85	-1,0.728590,32,54,57,64,69,90,99
86	-1,1.295117,11,60,71,95
87	-1,0.550850,8,19,20,27,30,47,54,63
88	-1,1.291316,21,26,44,50,55,82
89	-1,0.523621,16,32,35,38,40,57,58
9	-1,1.712667,33,39,41,43,51,69,80
90	-1,0.943702,1,26,52,93,96
91	-1,0.850057,12,24,66,81,95
92	-1,1.734908,22,34,39,57
93	-1,0.995155,15,43,66,75
94	-1,1.153546,4,17,20,90
95	-1,1.493768,76,88
96	-1,0.844665,12,13,24,31,60,74
97	-1,1.088135,37,50,62,89
98	-1,1.287218,5,13,15,28,49,66,92,94
99	-1,1.281529,1,83
21	-1,3.365952
99	1.206298
