NodeId:0	-1,0.752602,1,15,66,96
NodeId:1	16,1.254362,37,72
NodeId:2	31,1.038547,31,63
NodeId:3	-1,0.760724,30,42,45,86
NodeId:4	-1,0.757807,24,42,46,86
NodeId:5	-1,0.488666,2,9,24,50,61,81,98
NodeId:6	-1,0.700444,15,22,58,80
NodeId:7	36,1.021579,12,21,38,57,93
NodeId:8	-1,0.349033,13,41,59,87
NodeId:9	5,1.706466,33,39,41,43,51,69,80
NodeId:10	-1,0.912428,4,6,38,67,78,80
NodeId:11	-1,0.662094,6,28,40,49,51,67,89
NodeId:12	38,1.016952,24,28,50,55,67,85,98
NodeId:13	-1,0.927361,25,32,33,35,76
NodeId:14	-1,0.334303,36,39,44,62,98
NodeId:15	17,1.237202,47,70,79,95,97
NodeId:16	-1,0.633513,45,52,67,80
NodeId:17	-1,0.563079,18,39,41,53,63,72,79,99
NodeId:18	33,1.033120,52,61,62,87
NodeId:19	-1,0.902837,27,33,37,45,92
NodeId:20	22,1.171175,7,94
NodeId:21	1,6.751043
NodeId:22	29,1.068269,25,65,72,83,97
NodeId:23	-1,0.580585,92,99
NodeId:24	30,1.040113,9,10,18,38,55,93,94
NodeId:25	-1,0.831795,63
NodeId:26	-1,0.848966,15,23,28,64
NodeId:27	12,1.363081,32,68,70,92
NodeId:28	-1,0.895516,21,25,72
NodeId:29	-1,0.884652,18,23,31,36,86
NodeId:30	-1,0.887963,80,84,95
NodeId:31	2,2.185071,29,36,46,49,54,62,70,85
NodeId:32	40,0.997294,2,3,6,27,47,69,71,91
NodeId:33	37,1.018255,2,56,58,86
NodeId:34	-1,0.991681,0,7,77,78
NodeId:35	-1,0.501206,12,18,62,64,65,66,83,91
NodeId:36	-1,0.786407,12,20,30,34,61,75,77,99
NodeId:37	13,1.346358,40,59,71,97
NodeId:38	21,1.186025,30,41,98
NodeId:39	24,1.155169,31,43,68,71,92
NodeId:40	-1,0.740414,7,71,72,73
NodeId:41	-1,0.966549,44,45,49,66
NodeId:42	-1,0.585260,36,45,70,89,99
NodeId:43	-1,0.932675,4,21,24,56,67,68,80,86,90
NodeId:44	-1,0.641407,17,37,38
NodeId:45	9,1.476739,18,53,58,83,86,90
NodeId:46	-1,0.836400,78
NodeId:47	-1,0.519978,5,14,52,70,73
NodeId:49	23,1.171127,2,29,31,39,84
NodeId:50	-1,0.847352,0,20,46,68
NodeId:51	-1,0.947292,38,45,61,71
NodeId:52	-1,0.853163,27,31,64,91
NodeId:53	-1,0.614545,2,13,65,78,95
NodeId:54	-1,0.693288,12,69,77
NodeId:55	-1,0.696640,10,19,22,25,51,58,62
NodeId:56	-1,0.551441,29,36,80,96,98
NodeId:57	-1,0.832768,86,94,96,98
NodeId:58	-1,0.881921,16,38,71,73,78
NodeId:59	-1,0.512251,10,24,69,92
NodeId:60	-1,0.558892,14,49,53,56,65
NodeId:61	-1,0.716552,6,9,18,20,99
NodeId:62	32,1.034408,11,22,33,91
NodeId:63	4,1.767670,3,64,65,72
NodeId:64	35,1.030983,3,27,28,31,33,39,78
NodeId:65	39,1.011892,27,88
NodeId:66	34,1.032312,8,19,72,81,83,98
NodeId:67	-1,0.708883,2,26,30,31,32,45
NodeId:68	-1,0.908166,1,6,19,28,40,81,85
NodeId:69	-1,0.900405,12,22,42,46,55,72,88
NodeId:70	18,1.234580,20,63,99
NodeId:71	8,1.543807,15,16,45,84,97
NodeId:72	3,1.977255,10,49,51,92,93,95
NodeId:73	-1,0.547845,41,50,51,84,92
NodeId:74	-1,0.435322,35,54,84
NodeId:75	-1,0.443135,29,34,37,51,54,65,85,91
NodeId:76	-1,0.915865,9
NodeId:77	-1,0.643399,0,5,32,37,40,41,44,69,79,83,85,86,87
NodeId:78	6,1.674334,13,19,34,82
NodeId:79	-1,0.979869,0,26,43,74,90
NodeId:80	19,1.209741,31,79
NodeId:81	-1,0.597595,5,21,26,78,93,96
NodeId:82	-1,0.693541,2,23,24,32,52,53
NodeId:83	15,1.300794,1,4,10,18,27,29,70
NodeId:84	27,1.084816,9,21
NodeId:85	-1,0.708151,32,54,57,64,69,90,99
NodeId:86	11,1.363375,11,60,71,95
NodeId:87	-1,0.487481,8,19,20,27,30,47,54,63
NodeId:88	14,1.300948,21,26,44,50,55,82
NodeId:89	-1,0.565283,16,32,35,38,40,57,58
NodeId:90	-1,0.933952,1,26,52,93,96
NodeId:91	-1,0.759656,12,24,66,81,95
NodeId:92	7,1.648799,22,34,39,57
NodeId:93	-1,0.978696,15,43,66,75
NodeId:94	28,1.078918,4,17,20,90
NodeId:95	10,1.423331,76,88
NodeId:96	-1,0.827857,12,13,24,31,60,74
NodeId:97	26,1.096177,37,50,62,89
NodeId:98	25,1.148541,5,13,15,28,49,66,92,94
NodeId:99	20,1.202428,1,83
