0	0.732855
1	1.217616
10	0.886659
11	0.644571
12	0.990711
13	0.902975
14	0.329078
15	1.201527
16	0.617314
17	0.549929
18	1.004838
19	0.877839
2	1.010004
20	1.137989
21	9.002262
22	1.037696
23	0.567051
24	1.012870
25	0.809395
26	0.825586
27	1.322987
28	0.871709
29	0.859299
3	0.739529
30	0.863905
31	2.119017
32	0.969850
33	0.989184
34	0.962580
35	0.491269
36	0.765760
37	1.307179
38	1.152919
39	1.120342
4	0.737074
40	0.721254
41	0.941129
42	0.570335
43	0.905445
44	0.625717
45	1.432652
46	0.813509
47	0.508099
49	1.136409
5	0.478847
50	0.824170
51	0.920276
52	0.830843
53	0.599602
54	0.676540
55	0.678538
56	0.538454
57	0.809297
58	0.857721
59	0.500738
6	0.682930
60	0.545152
61	0.698680
62	1.005254
63	1.715891
64	1.002709
65	0.984011
66	1.004686
67	0.690960
68	0.882365
69	0.876980
7	0.991599
70	1.197318
71	1.497012
72	1.916312
73	0.535514
74	0.426298
75	0.433295
76	0.889953
77	0.627669
78	1.624076
79	0.953162
8	0.343095
80	1.174832
81	0.583748
82	0.673877
83	1.262224
84	1.054419
85	0.689757
86	1.321741
87	0.477523
88	1.261202
89	0.551199
9	1.654745
90	0.906974
91	0.741543
92	1.599662
93	0.950057
94	1.047445
95	1.379578
96	0.806229
97	1.063092
98	1.117040
0	-1,0.732969,1,15,66,96
1	-1,1.217823,37,72
10	-1,0.886804,4,6,38,67,78,80
11	-1,0.644670,6,28,40,49,51,67,89
12	-1,0.990861,24,28,50,55,67,85,98
13	-1,0.903113,25,32,33,35,76
14	-1,0.329108,36,39,44,62,98
15	-1,1.201731,47,70,79,95,97
16	-1,0.617406,45,52,67,80
17	-1,0.550003,18,39,41,53,63,72,79,99
18	-1,1.005001,52,61,62,87
19	-1,0.877980,27,33,37,45,92
2	-1,1.010166,31,63
20	-1,1.138181,7,94
22	-1,1.037867,25,65,72,83,97
23	-1,0.567132,92,99
24	-1,1.013023,9,10,18,38,55,93,94
25	-1,0.809520,63
26	-1,0.825717,15,23,28,64
27	-1,1.323212,32,68,70,92
28	-1,0.871845,21,25,72
29	-1,0.859441,18,23,31,36,86
3	-1,0.739648,30,42,45,86
30	-1,0.864037,80,84,95
31	-1,2.119398,29,36,46,49,54,62,70,85
32	-1,0.970003,2,3,6,27,47,69,71,91
33	-1,0.989349,2,56,58,86
34	-1,0.962742,0,7,77,78
35	-1,0.491326,12,18,62,64,65,66,83,91
36	-1,0.765875,12,20,30,34,61,75,77,99
37	-1,1.307403,40,59,71,97
38	-1,1.153105,30,41,98
39	-1,1.120534,31,43,68,71,92
4	-1,0.737190,24,42,46,86
40	-1,0.721364,7,71,72,73
41	-1,0.941274,44,45,49,66
42	-1,0.570414,36,45,70,89,99
43	-1,0.905598,4,21,24,56,67,68,80,86,90
44	-1,0.625804,17,37,38
45	-1,1.432897,18,53,58,83,86,90
46	-1,0.813641,78
47	-1,0.508168,5,14,52,70,73
49	-1,1.136605,2,29,31,39,84
5	-1,0.478903,2,9,24,50,61,81,98
50	-1,0.824298,0,20,46,68
51	-1,0.920427,38,45,61,71
52	-1,0.830971,27,31,64,91
53	-1,0.599688,2,13,65,78,95
54	-1,0.676636,12,69,77
55	-1,0.678639,10,19,22,25,51,58,62
56	-1,0.538530,29,36,80,96,98
57	-1,0.809427,86,94,96,98
58	-1,0.857857,16,38,71,73,78
59	-1,0.500803,10,24,69,92
6	-1,0.683030,15,22,58,80
60	-1,0.545230,14,49,53,56,65
61	-1,0.698781,6,9,18,20,99
62	-1,1.005419,11,22,33,91
63	-1,1.716188,3,64,65,72
64	-1,1.002871,3,27,28,31,33,39,78
65	-1,0.984167,27,88
66	-1,1.004842,8,19,72,81,83,98
67	-1,0.691060,2,26,30,31,32,45
68	-1,0.882511,1,6,19,28,40,81,85
69	-1,0.877115,12,22,42,46,55,72,88
7	-1,0.991764,12,21,38,57,93
70	-1,1.197526,20,63,99
71	-1,1.497279,15,16,45,84,97
72	-1,1.916657,10,49,51,92,93,95
73	-1,0.535583,41,50,51,84,92
74	-1,0.426349,35,54,84
75	-1,0.433349,29,34,37,51,54,65,85,91
76	-1,0.890104,9
77	-1,0.627759,0,5,32,37,40,41,44,69,79,83,85,86,87
78	-1,1.624355,13,19,34,82
79	-1,0.953320,0,26,43,74,90
8	-1,0.343129,13,41,59,87
80	-1,1.175025,31,79
81	-1,0.583826,5,21,26,78,93,96
82	-1,0.673986,2,23,24,32,52,53
83	-1,1.262435,1,4,10,18,27,29,70
84	-1,1.054590,9,21
85	-1,0.689861,32,54,57,64,69,90,99
86	-1,1.321971,11,60,71,95
87	-1,0.477579,8,19,20,27,30,47,54,63
88	-1,1.261425,21,26,44,50,55,82
89	-1,0.551277,16,32,35,38,40,57,58
9	-1,1.655037,33,39,41,43,51,69,80
90	-1,0.907124,1,26,52,93,96
91	-1,0.741650,12,24,66,81,95
92	-1,1.599938,22,34,39,57
93	-1,0.950215,15,43,66,75
94	-1,1.047618,4,17,20,90
95	-1,1.379820,76,88
96	-1,0.806350,12,13,24,31,60,74
97	-1,1.063280,37,50,62,89
98	-1,1.117213,5,13,15,28,49,66,92,94
99	-1,1.169862,1,83
21	-1,8.990000
99	1.169674
