NodeId:24	-1,1.365635,9,10,18,38,55,93,94
NodeId:25	-1,0.894761,63
NodeId:26	-1,0.915001,15,23,28,64
NodeId:27	-1,1.412857,32,68,70,92
NodeId:20	-1,1.240833,7,94
NodeId:21	-1,2.256111
NodeId:22	-1,1.030357,25,65,72,83,97
NodeId:23	-1,0.674167,92,99
NodeId:28	-1,0.954464,21,25,72
NodeId:29	-1,0.823928,18,23,31,36,86
NodeId:0	-1,0.810385,1,15,66,96
NodeId:4	-1,0.72004,24,42,46,86
NodeId:8	-1,0.397917,13,41,59,87
NodeId:59	-1,0.575,10,24,69,92
NodeId:58	-1,0.959524,16,38,71,73,78
NodeId:55	-1,0.655952,10,19,22,25,51,58,62
NodeId:54	-1,0.873511,12,69,77
NodeId:57	-1,0.775357,86,94,96,98
NodeId:56	-1,0.626944,29,36,80,96,98
NodeId:51	-1,0.932202,38,45,61,71
NodeId:50	-1,0.917024,0,20,46,68
NodeId:53	-1,0.709584,2,13,65,78,95
NodeId:52	-1,1.056667,27,31,64,91
NodeId:88	-1,1.121428,21,26,44,50,55,82
NodeId:89	-1,0.823928,16,32,35,38,40,57,58
NodeId:82	-1,0.504167,2,23,24,32,52,53
NodeId:83	-1,1.199968,1,4,10,18,27,29,70
NodeId:80	-1,1.385873,31,79
NodeId:81	-1,0.704524,5,21,26,78,93,96
NodeId:86	-1,1.471496,11,60,71,95
NodeId:87	-1,0.640385,8,19,20,27,30,47,54,63
NodeId:84	-1,1.226666,9,21
NodeId:85	-1,0.670741,32,54,57,64,69,90,99
NodeId:3	-1,0.590178,30,42,45,86
NodeId:7	-1,1.0,12,21,38,57,93
NodeId:39	-1,1.221607,31,43,68,71,92
NodeId:38	-1,1.370357,30,41,98
NodeId:33	-1,0.945357,2,56,58,86
NodeId:32	-1,1.124075,2,3,6,27,47,69,71,91
NodeId:31	-1,2.127262,29,36,46,49,54,62,70,85
NodeId:30	-1,1.0,80,84,95
NodeId:37	-1,1.412468,40,59,71,97
NodeId:36	-1,0.93625,12,20,30,34,61,75,77,99
NodeId:35	-1,0.724762,12,18,62,64,65,66,83,91
NodeId:34	-1,0.7875,0,7,77,78
NodeId:60	-1,0.504167,14,49,53,56,65
NodeId:61	-1,0.972678,6,9,18,20,99
NodeId:62	-1,1.078928,11,22,33,91
NodeId:63	-1,1.920833,3,64,65,72
NodeId:64	-1,1.015178,3,27,28,31,33,39,78
NodeId:65	-1,1.085,27,88
NodeId:66	-1,1.17,8,19,72,81,83,98
NodeId:67	-1,0.841468,2,26,30,31,32,45
NodeId:68	-1,0.839444,1,6,19,28,40,81,85
NodeId:69	-1,1.060325,12,22,42,46,55,72,88
NodeId:2	-1,1.213512,31,63
NodeId:6	-1,0.810774,15,22,58,80
NodeId:99	-1,1.532262,1,83
NodeId:98	-1,1.370357,5,13,15,28,49,66,92,94
NodeId:91	-1,0.89375,12,24,66,81,95
NodeId:90	-1,0.89004,1,26,52,93,96
NodeId:93	-1,0.894762,15,43,66,75
NodeId:92	-1,1.757917,22,34,39,57
NodeId:95	-1,1.2975,76,88
NodeId:94	-1,1.015178,4,17,20,90
NodeId:97	-1,0.8725,37,50,62,89
NodeId:96	-1,1.056667,12,13,24,31,60,74
NodeId:11	-1,0.575,6,28,40,49,51,67,89
NodeId:10	-1,0.868452,4,6,38,67,78,80
NodeId:13	-1,0.992917,25,32,33,35,76
NodeId:12	-1,1.248928,24,28,50,55,67,85,98
NodeId:15	-1,1.27625,47,70,79,95,97
NodeId:14	-1,0.49,36,39,44,62,98
NodeId:17	-1,0.645833,18,39,41,53,63,72,79,99
NodeId:16	-1,0.611428,45,52,67,80
NodeId:19	-1,0.853274,27,33,37,45,92
NodeId:18	-1,1.257024,52,61,62,87
NodeId:49	-1,1.008095,2,29,31,39,84
NodeId:46	-1,0.802678,78
NodeId:47	-1,0.5325,5,14,52,70,73
NodeId:44	-1,0.739552,17,37,38
NodeId:45	-1,1.651667,18,53,58,83,86,90
NodeId:42	-1,0.696428,36,45,70,89,99
NodeId:43	-1,0.823928,4,21,24,56,67,68,80,86,90
NodeId:40	-1,0.79217,7,71,72,73
NodeId:41	-1,1.108896,44,45,49,66
NodeId:1	-1,1.200357,37,72
NodeId:5	-1,0.633301,2,9,24,50,61,81,98
NodeId:9	-1,1.837857,33,39,41,43,51,69,80
NodeId:77	-1,0.752083,0,5,32,37,40,41,44,69,79,83,85,86,87
NodeId:76	-1,0.745,9
NodeId:75	-1,0.46875,29,34,37,51,54,65,85,91
NodeId:74	-1,0.461667,35,54,84
NodeId:73	-1,0.7025,41,50,51,84,92
NodeId:72	-1,1.822678,10,49,51,92,93,95
NodeId:71	-1,1.44625,15,16,45,84,97
NodeId:70	-1,1.100178,20,63,99
NodeId:79	-1,1.086635,0,26,43,74,90
NodeId:78	-1,1.957262,13,19,34,82
