0	0.732969
1	1.217823
10	0.886804
11	0.644670
12	0.990861
13	0.903113
14	0.329108
15	1.201731
16	0.617406
17	0.550003
18	1.005001
19	0.877980
2	1.010166
20	1.138181
21	8.990000
22	1.037867
23	0.567132
24	1.013023
25	0.809520
26	0.825717
27	1.323212
28	0.871845
29	0.859441
3	0.739648
30	0.864037
31	2.119398
32	0.970003
33	0.989349
34	0.962742
35	0.491326
36	0.765875
37	1.307403
38	1.153105
39	1.120534
4	0.737190
40	0.721364
41	0.941274
42	0.570414
43	0.905598
44	0.625804
45	1.432897
46	0.813641
47	0.508168
49	1.136605
5	0.478903
50	0.824298
51	0.920427
52	0.830971
53	0.599688
54	0.676636
55	0.678639
56	0.538530
57	0.809427
58	0.857857
59	0.500803
6	0.683030
60	0.545230
61	0.698781
62	1.005419
63	1.716188
64	1.002871
65	0.984167
66	1.004842
67	0.691060
68	0.882511
69	0.877115
7	0.991764
70	1.197526
71	1.497279
72	1.916657
73	0.535583
74	0.426349
75	0.433349
76	0.890104
77	0.627759
78	1.624355
79	0.953320
8	0.343129
80	1.175025
81	0.583826
82	0.673986
83	1.262435
84	1.054590
85	0.689861
86	1.321971
87	0.477579
88	1.261425
89	0.551277
9	1.655037
90	0.907124
91	0.741650
92	1.599938
93	0.950215
94	1.047618
95	1.379820
96	0.806350
97	1.063280
98	1.117213
0	-1,0.733103,1,15,66,96
1	-1,1.218070,37,72
10	-1,0.886972,4,6,38,67,78,80
11	-1,0.644790,6,28,40,49,51,67,89
12	-1,0.991041,24,28,50,55,67,85,98
13	-1,0.903282,25,32,33,35,76
14	-1,0.329143,36,39,44,62,98
15	-1,1.201974,47,70,79,95,97
16	-1,0.617519,45,52,67,80
17	-1,0.550092,18,39,41,53,63,72,79,99
18	-1,1.005192,52,61,62,87
19	-1,0.878149,27,33,37,45,92
2	-1,1.010360,31,63
20	-1,1.138407,7,94
22	-1,1.038072,25,65,72,83,97
23	-1,0.567227,92,99
24	-1,1.013208,9,10,18,38,55,93,94
25	-1,0.809668,63
26	-1,0.825872,15,23,28,64
27	-1,1.323477,32,68,70,92
28	-1,0.872010,21,25,72
29	-1,0.859610,18,23,31,36,86
3	-1,0.739790,30,42,45,86
30	-1,0.864196,80,84,95
31	-1,2.119856,29,36,46,49,54,62,70,85
32	-1,0.970186,2,3,6,27,47,69,71,91
33	-1,0.989547,2,56,58,86
34	-1,0.962938,0,7,77,78
35	-1,0.491395,12,18,62,64,65,66,83,91
36	-1,0.766011,12,20,30,34,61,75,77,99
37	-1,1.307672,40,59,71,97
38	-1,1.153329,30,41,98
39	-1,1.120764,31,43,68,71,92
4	-1,0.737330,24,42,46,86
40	-1,0.721498,7,71,72,73
41	-1,0.941449,44,45,49,66
42	-1,0.570509,36,45,70,89,99
43	-1,0.905782,4,21,24,56,67,68,80,86,90
44	-1,0.625909,17,37,38
45	-1,1.433190,18,53,58,83,86,90
46	-1,0.813796,78
47	-1,0.508250,5,14,52,70,73
49	-1,1.136841,2,29,31,39,84
5	-1,0.478970,2,9,24,50,61,81,98
50	-1,0.824454,0,20,46,68
51	-1,0.920607,38,45,61,71
52	-1,0.831122,27,31,64,91
53	-1,0.599789,2,13,65,78,95
54	-1,0.676751,12,69,77
55	-1,0.678760,10,19,22,25,51,58,62
56	-1,0.538621,29,36,80,96,98
57	-1,0.809583,86,94,96,98
58	-1,0.858017,16,38,71,73,78
59	-1,0.500883,10,24,69,92
6	-1,0.683151,15,22,58,80
60	-1,0.545325,14,49,53,56,65
61	-1,0.698904,6,9,18,20,99
62	-1,1.005617,11,22,33,91
63	-1,1.716541,3,64,65,72
64	-1,1.003067,3,27,28,31,33,39,78
65	-1,0.984357,27,88
66	-1,1.005030,8,19,72,81,83,98
67	-1,0.691182,2,26,30,31,32,45
68	-1,0.882686,1,6,19,28,40,81,85
69	-1,0.877274,12,22,42,46,55,72,88
7	-1,0.991964,12,21,38,57,93
70	-1,1.197773,20,63,99
71	-1,1.497600,15,16,45,84,97
72	-1,1.917069,10,49,51,92,93,95
73	-1,0.535666,41,50,51,84,92
74	-1,0.426412,35,54,84
75	-1,0.433415,29,34,37,51,54,65,85,91
76	-1,0.890286,9
77	-1,0.627864,0,5,32,37,40,41,44,69,79,83,85,86,87
78	-1,1.624690,13,19,34,82
79	-1,0.953506,0,26,43,74,90
8	-1,0.343170,13,41,59,87
80	-1,1.175256,31,79
81	-1,0.583920,5,21,26,78,93,96
82	-1,0.674117,2,23,24,32,52,53
83	-1,1.262692,1,4,10,18,27,29,70
84	-1,1.054795,9,21
85	-1,0.689989,32,54,57,64,69,90,99
86	-1,1.322244,11,60,71,95
87	-1,0.477648,8,19,20,27,30,47,54,63
88	-1,1.261691,21,26,44,50,55,82
89	-1,0.551371,16,32,35,38,40,57,58
9	-1,1.655387,33,39,41,43,51,69,80
90	-1,0.907304,1,26,52,93,96
91	-1,0.741780,12,24,66,81,95
92	-1,1.600267,22,34,39,57
93	-1,0.950403,15,43,66,75
94	-1,1.047826,4,17,20,90
95	-1,1.380109,76,88
96	-1,0.806493,12,13,24,31,60,74
97	-1,1.063505,37,50,62,89
98	-1,1.117422,5,13,15,28,49,66,92,94
99	-1,1.170084,1,83
21	-1,8.975296
99	1.169862
