0	0.734296
1	1.220244
10	0.888482
11	0.645849
12	0.992622
13	0.904756
14	0.329458
15	1.204128
16	0.618504
17	0.550873
18	1.006891
19	0.879634
2	1.012078
20	1.140413
21	8.844402
22	1.039884
23	0.568076
24	1.014838
25	0.810980
26	0.827249
27	1.325822
28	0.873448
29	0.861102
3	0.741040
30	0.865595
31	2.123890
32	0.971815
33	0.991289
34	0.964656
35	0.492003
36	0.767223
37	1.310043
38	1.155307
39	1.122786
4	0.738561
40	0.722670
41	0.942977
42	0.571342
43	0.907399
44	0.626833
45	1.435779
46	0.815172
47	0.508969
49	1.138912
5	0.479562
50	0.825821
51	0.922202
52	0.832468
53	0.600690
54	0.677760
55	0.679828
56	0.539415
57	0.810962
58	0.859443
59	0.501575
6	0.684208
60	0.546156
61	0.699981
62	1.007361
63	1.719660
64	1.004789
65	0.986020
66	1.006689
67	0.692253
68	0.884222
69	0.878680
7	0.993717
70	1.199959
71	1.500428
72	1.920705
73	0.536400
74	0.426963
75	0.433994
76	0.891886
77	0.628797
78	1.627644
79	0.955152
8	0.343526
80	1.177296
81	0.584741
82	0.675265
83	1.264931
84	1.056602
85	0.691099
86	1.324666
87	0.478243
88	1.264040
89	0.552198
9	1.658473
90	0.908889
91	0.742922
92	1.603182
93	0.952074
94	1.049666
95	1.382667
96	0.807769
97	1.065488
98	1.119263
0	-1,0.734690,1,15,66,96
1	-1,1.220965,37,72
10	-1,0.888981,4,6,38,67,78,80
11	-1,0.646199,6,28,40,49,51,67,89
12	-1,0.993146,24,28,50,55,67,85,98
13	-1,0.905243,25,32,33,35,76
14	-1,0.329563,36,39,44,62,98
15	-1,1.204841,47,70,79,95,97
16	-1,0.618830,45,52,67,80
17	-1,0.551131,18,39,41,53,63,72,79,99
18	-1,1.007454,52,61,62,87
19	-1,0.880125,27,33,37,45,92
2	-1,1.012643,31,63
20	-1,1.141076,7,94
22	-1,1.040483,25,65,72,83,97
23	-1,0.568356,92,99
24	-1,1.015377,9,10,18,38,55,93,94
25	-1,0.811413,63
26	-1,0.827703,15,23,28,64
27	-1,1.326599,32,68,70,92
28	-1,0.873925,21,25,72
29	-1,0.861598,18,23,31,36,86
3	-1,0.741452,30,42,45,86
30	-1,0.866057,80,84,95
31	-1,2.125225,29,36,46,49,54,62,70,85
32	-1,0.972352,2,3,6,27,47,69,71,91
33	-1,0.991866,2,56,58,86
34	-1,0.965225,0,7,77,78
35	-1,0.492203,12,18,62,64,65,66,83,91
36	-1,0.767624,12,20,30,34,61,75,77,99
37	-1,1.310828,40,59,71,97
38	-1,1.155961,30,41,98
39	-1,1.123456,31,43,68,71,92
4	-1,0.738968,24,42,46,86
40	-1,0.723058,7,71,72,73
41	-1,0.943484,44,45,49,66
42	-1,0.571620,36,45,70,89,99
43	-1,0.907935,4,21,24,56,67,68,80,86,90
44	-1,0.627138,17,37,38
45	-1,1.436637,18,53,58,83,86,90
46	-1,0.815629,78
47	-1,0.509207,5,14,52,70,73
49	-1,1.139599,2,29,31,39,84
5	-1,0.479759,2,9,24,50,61,81,98
50	-1,0.826274,0,20,46,68
51	-1,0.922731,38,45,61,71
52	-1,0.832913,27,31,64,91
53	-1,0.600989,2,13,65,78,95
54	-1,0.678095,12,69,77
55	-1,0.680182,10,19,22,25,51,58,62
56	-1,0.539677,29,36,80,96,98
57	-1,0.811418,86,94,96,98
58	-1,0.859915,16,38,71,73,78
59	-1,0.501805,10,24,69,92
6	-1,0.684557,15,22,58,80
60	-1,0.546431,14,49,53,56,65
61	-1,0.700338,6,9,18,20,99
62	-1,1.007939,11,22,33,91
63	-1,1.720695,3,64,65,72
64	-1,1.005358,3,27,28,31,33,39,78
65	-1,0.986570,27,88
66	-1,1.007237,8,19,72,81,83,98
67	-1,0.692609,2,26,30,31,32,45
68	-1,0.884732,1,6,19,28,40,81,85
69	-1,0.879146,12,22,42,46,55,72,88
7	-1,0.994297,12,21,38,57,93
70	-1,1.200686,20,63,99
71	-1,1.501365,15,16,45,84,97
72	-1,1.921909,10,49,51,92,93,95
73	-1,0.536644,41,50,51,84,92
74	-1,0.427145,35,54,84
75	-1,0.434185,29,34,37,51,54,65,85,91
76	-1,0.892415,9
77	-1,0.629106,0,5,32,37,40,41,44,69,79,83,85,86,87
78	-1,1.628622,13,19,34,82
79	-1,0.955698,0,26,43,74,90
8	-1,0.343644,13,41,59,87
80	-1,1.177972,31,79
81	-1,0.585013,5,21,26,78,93,96
82	-1,0.675645,2,23,24,32,52,53
83	-1,1.265673,1,4,10,18,27,29,70
84	-1,1.057200,9,21
85	-1,0.691468,32,54,57,64,69,90,99
86	-1,1.325468,11,60,71,95
87	-1,0.478439,8,19,20,27,30,47,54,63
88	-1,1.264818,21,26,44,50,55,82
89	-1,0.552472,16,32,35,38,40,57,58
9	-1,1.659493,33,39,41,43,51,69,80
90	-1,0.909414,1,26,52,93,96
91	-1,0.743299,12,24,66,81,95
92	-1,1.604148,22,34,39,57
93	-1,0.952627,15,43,66,75
94	-1,1.050275,4,17,20,90
95	-1,1.383515,76,88
96	-1,0.808192,12,13,24,31,60,74
97	-1,1.066145,37,50,62,89
98	-1,1.119875,5,13,15,28,49,66,92,94
99	-1,1.172713,1,83
21	-1,8.800754
99	1.172060
