0	0.733689
1	1.219138
10	0.887715
11	0.645309
12	0.991817
13	0.904005
14	0.329298
15	1.203034
16	0.618002
17	0.550476
18	1.006026
19	0.878878
2	1.011203
20	1.139392
21	8.911191
22	1.038962
23	0.567644
24	1.014009
25	0.810311
26	0.826548
27	1.324629
28	0.872715
29	0.860343
3	0.740403
30	0.864883
31	2.121838
32	0.970985
33	0.990402
34	0.963781
35	0.491693
36	0.766606
37	1.308837
38	1.154301
39	1.121757
4	0.737935
40	0.722073
41	0.942200
42	0.570918
43	0.906577
44	0.626363
45	1.434461
46	0.814471
47	0.508604
49	1.137858
5	0.479261
50	0.825126
51	0.921392
52	0.831783
53	0.600232
54	0.677246
55	0.679284
56	0.539009
57	0.810260
58	0.858718
59	0.501223
6	0.683669
60	0.545733
61	0.699433
62	1.006473
63	1.718074
64	1.003913
65	0.985173
66	1.005845
67	0.691708
68	0.883440
69	0.877964
7	0.992825
70	1.198847
71	1.498987
72	1.918855
73	0.536027
74	0.426683
75	0.433699
76	0.891071
77	0.628322
78	1.626141
79	0.954316
8	0.343345
80	1.176260
81	0.584324
82	0.674680
83	1.263790
84	1.055684
85	0.690533
86	1.323433
87	0.477939
88	1.262844
89	0.551777
9	1.656902
90	0.908082
91	0.742340
92	1.601700
93	0.951224
94	1.048730
95	1.381367
96	0.807121
97	1.064479
98	1.118327
0	-1,0.733965,1,15,66,96
1	-1,1.219643,37,72
10	-1,0.888064,4,6,38,67,78,80
11	-1,0.645555,6,28,40,49,51,67,89
12	-1,0.992183,24,28,50,55,67,85,98
13	-1,0.904346,25,32,33,35,76
14	-1,0.329371,36,39,44,62,98
15	-1,1.203533,47,70,79,95,97
16	-1,0.618231,45,52,67,80
17	-1,0.550656,18,39,41,53,63,72,79,99
18	-1,1.006419,52,61,62,87
19	-1,0.879222,27,33,37,45,92
2	-1,1.011601,31,63
20	-1,1.139856,7,94
22	-1,1.039382,25,65,72,83,97
23	-1,0.567840,92,99
24	-1,1.014385,9,10,18,38,55,93,94
25	-1,0.810616,63
26	-1,0.826867,15,23,28,64
27	-1,1.325173,32,68,70,92
28	-1,0.873048,21,25,72
29	-1,0.860688,18,23,31,36,86
3	-1,0.740693,30,42,45,86
30	-1,0.865208,80,84,95
31	-1,2.122772,29,36,46,49,54,62,70,85
32	-1,0.971363,2,3,6,27,47,69,71,91
33	-1,0.990806,2,56,58,86
34	-1,0.964180,0,7,77,78
35	-1,0.491833,12,18,62,64,65,66,83,91
36	-1,0.766887,12,20,30,34,61,75,77,99
37	-1,1.309386,40,59,71,97
38	-1,1.154758,30,41,98
39	-1,1.122226,31,43,68,71,92
4	-1,0.738219,24,42,46,86
40	-1,0.722344,7,71,72,73
41	-1,0.942554,44,45,49,66
42	-1,0.571112,36,45,70,89,99
43	-1,0.906950,4,21,24,56,67,68,80,86,90
44	-1,0.626576,17,37,38
45	-1,1.435061,18,53,58,83,86,90
46	-1,0.814791,78
47	-1,0.508771,5,14,52,70,73
49	-1,1.138338,2,29,31,39,84
5	-1,0.479399,2,9,24,50,61,81,98
50	-1,0.825441,0,20,46,68
51	-1,0.921760,38,45,61,71
52	-1,0.832095,27,31,64,91
53	-1,0.600441,2,13,65,78,95
54	-1,0.677479,12,69,77
55	-1,0.679532,10,19,22,25,51,58,62
56	-1,0.539194,29,36,80,96,98
57	-1,0.810579,86,94,96,98
58	-1,0.859047,16,38,71,73,78
59	-1,0.501383,10,24,69,92
6	-1,0.683914,15,22,58,80
60	-1,0.545925,14,49,53,56,65
61	-1,0.699682,6,9,18,20,99
62	-1,1.006877,11,22,33,91
63	-1,1.718797,3,64,65,72
64	-1,1.004311,3,27,28,31,33,39,78
65	-1,0.985559,27,88
66	-1,1.006229,8,19,72,81,83,98
67	-1,0.691956,2,26,30,31,32,45
68	-1,0.883796,1,6,19,28,40,81,85
69	-1,0.878291,12,22,42,46,55,72,88
7	-1,0.993232,12,21,38,57,93
70	-1,1.199354,20,63,99
71	-1,1.499645,15,16,45,84,97
72	-1,1.919698,10,49,51,92,93,95
73	-1,0.536198,41,50,51,84,92
74	-1,0.426809,35,54,84
75	-1,0.433833,29,34,37,51,54,65,85,91
76	-1,0.891442,9
77	-1,0.628539,0,5,32,37,40,41,44,69,79,83,85,86,87
78	-1,1.626825,13,19,34,82
79	-1,0.954697,0,26,43,74,90
8	-1,0.343428,13,41,59,87
80	-1,1.176732,31,79
81	-1,0.584513,5,21,26,78,93,96
82	-1,0.674946,2,23,24,32,52,53
83	-1,1.264311,1,4,10,18,27,29,70
84	-1,1.056101,9,21
85	-1,0.690790,32,54,57,64,69,90,99
86	-1,1.323994,11,60,71,95
87	-1,0.478077,8,19,20,27,30,47,54,63
88	-1,1.263390,21,26,44,50,55,82
89	-1,0.551968,16,32,35,38,40,57,58
9	-1,1.657619,33,39,41,43,51,69,80
90	-1,0.908448,1,26,52,93,96
91	-1,0.742606,12,24,66,81,95
92	-1,1.602375,22,34,39,57
93	-1,0.951611,15,43,66,75
94	-1,1.049156,4,17,20,90
95	-1,1.381959,76,88
96	-1,0.807417,12,13,24,31,60,74
97	-1,1.064940,37,50,62,89
98	-1,1.118754,5,13,15,28,49,66,92,94
99	-1,1.171511,1,83
21	-1,8.880815
99	1.171054
