0	0.752602
1	1.254362
10	0.912428
11	0.662094
12	1.016952
13	0.927361
14	0.334303
15	1.237202
16	0.633513
17	0.563079
18	1.033120
19	0.902837
2	1.038547
20	1.171175
21	6.751043
22	1.068269
23	0.580585
24	1.040113
25	0.831795
26	0.848966
27	1.363081
28	0.895516
29	0.884652
3	0.760724
30	0.887963
31	2.185071
32	0.997294
33	1.018255
34	0.991681
35	0.501206
36	0.786407
37	1.346358
38	1.186025
39	1.155169
4	0.757807
40	0.740414
41	0.966549
42	0.585260
43	0.932675
44	0.641407
45	1.476739
46	0.836400
47	0.519978
49	1.171127
5	0.488666
50	0.847352
51	0.947292
52	0.853163
53	0.614545
54	0.693288
55	0.696640
56	0.551441
57	0.832768
58	0.881921
59	0.512251
6	0.700444
60	0.558892
61	0.716552
62	1.034408
63	1.767670
64	1.030983
65	1.011892
66	1.032312
67	0.708883
68	0.908166
69	0.900405
7	1.021579
70	1.234580
71	1.543807
72	1.977255
73	0.547845
74	0.435322
75	0.443135
76	0.915865
77	0.643399
78	1.674334
79	0.979869
8	0.349033
80	1.209741
81	0.597595
82	0.693541
83	1.300794
84	1.084816
85	0.708151
86	1.363375
87	0.487481
88	1.300948
89	0.565283
9	1.706466
90	0.933952
91	0.759656
92	1.648799
93	0.978696
94	1.078918
95	1.423331
96	0.827857
97	1.096177
98	1.148541
0	-1,0.755786,1,15,66,96
1	16,1.260419,37,72
10	-1,0.918233,4,6,38,67,78,80
11	-1,0.664965,6,28,40,49,51,67,89
12	38,1.022701,24,28,50,55,67,85,98
13	-1,0.932168,25,32,33,35,76
14	-1,0.335806,36,39,44,62,98
15	17,1.245235,47,70,79,95,97
16	-1,0.636969,45,52,67,80
17	-1,0.565442,18,39,41,53,63,72,79,99
18	34,1.038728,52,61,62,87
19	-1,0.907792,27,33,37,45,92
2	31,1.043640,31,63
20	23,1.179773,7,94
22	29,1.075386,25,65,72,83,97
23	-1,0.583314,92,99
24	30,1.045862,9,10,18,38,55,93,94
25	-1,0.835906,63
26	-1,0.851694,15,23,28,64
27	11,1.372449,32,68,70,92
28	-1,0.901605,21,25,72
29	-1,0.888419,18,23,31,36,86
3	-1,0.768200,30,42,45,86
30	-1,0.892874,80,84,95
31	2,2.198986,29,36,46,49,54,62,70,85
32	40,1.000405,2,3,6,27,47,69,71,91
33	37,1.023836,2,56,58,86
34	-1,0.997338,0,7,77,78
35	-1,0.502995,12,18,62,64,65,66,83,91
36	-1,0.788851,12,20,30,34,61,75,77,99
37	13,1.353925,40,59,71,97
38	21,1.192756,30,41,98
39	24,1.160388,31,43,68,71,92
4	-1,0.763362,24,42,46,86
40	-1,0.744669,7,71,72,73
41	-1,0.971560,44,45,49,66
42	-1,0.588747,36,45,70,89,99
43	-1,0.937204,4,21,24,56,67,68,80,86,90
44	-1,0.643919,17,37,38
45	9,1.486132,18,53,58,83,86,90
46	-1,0.841688,78
47	-1,0.523182,5,14,52,70,73
49	22,1.180129,2,29,31,39,84
5	-1,0.491322,2,9,24,50,61,81,98
50	-1,0.850544,0,20,46,68
51	-1,0.952218,38,45,61,71
52	-1,0.855812,27,31,64,91
53	-1,0.616902,2,13,65,78,95
54	-1,0.697587,12,69,77
55	-1,0.700464,10,19,22,25,51,58,62
56	-1,0.556235,29,36,80,96,98
57	-1,0.837946,86,94,96,98
58	-1,0.886248,16,38,71,73,78
59	-1,0.514509,10,24,69,92
6	-1,0.705300,15,22,58,80
60	-1,0.560955,14,49,53,56,65
61	-1,0.720348,6,9,18,20,99
62	33,1.039092,11,22,33,91
63	4,1.779511,3,64,65,72
64	32,1.039987,3,27,28,31,33,39,78
65	39,1.020587,27,88
66	35,1.037913,8,19,72,81,83,98
67	-1,0.712687,2,26,30,31,32,45
68	-1,0.912980,1,6,19,28,40,81,85
69	-1,0.904262,12,22,42,46,55,72,88
7	36,1.027074,12,21,38,57,93
70	18,1.240695,20,63,99
71	8,1.552718,15,16,45,84,97
72	3,1.993876,10,49,51,92,93,95
73	-1,0.549418,41,50,51,84,92
74	-1,0.437116,35,54,84
75	-1,0.444728,29,34,37,51,54,65,85,91
76	-1,0.922517,9
77	-1,0.645554,0,5,32,37,40,41,44,69,79,83,85,86,87
78	6,1.684173,13,19,34,82
79	-1,0.986577,0,26,43,74,90
8	-1,0.350787,13,41,59,87
80	19,1.213861,31,79
81	-1,0.600435,5,21,26,78,93,96
82	-1,0.695777,2,23,24,32,52,53
83	15,1.305915,1,4,10,18,27,29,70
84	27,1.089905,9,21
85	-1,0.712761,32,54,57,64,69,90,99
86	12,1.370766,11,60,71,95
87	-1,0.489362,8,19,20,27,30,47,54,63
88	14,1.310502,21,26,44,50,55,82
89	-1,0.567313,16,32,35,38,40,57,58
9	5,1.715997,33,39,41,43,51,69,80
90	-1,0.938633,1,26,52,93,96
91	-1,0.764903,12,24,66,81,95
92	7,1.659894,22,34,39,57
93	-1,0.985035,15,43,66,75
94	28,1.085339,4,17,20,90
95	10,1.429168,76,88
96	-1,0.830146,12,13,24,31,60,74
97	26,1.103296,37,50,62,89
98	25,1.152513,5,13,15,28,49,66,92,94
99	20,1.211182,1,83
21	1,6.292407
99	1.202428
