0	0.737206
1	1.225563
10	0.892170
11	0.648435
12	0.996485
13	0.908357
14	0.330229
15	1.209392
16	0.620909
17	0.552778
18	1.011044
19	0.883264
2	1.016268
20	1.145308
21	8.520508
22	1.044311
23	0.570147
24	1.018820
25	0.814182
26	0.830609
27	1.331554
28	0.876966
29	0.864754
3	0.744091
30	0.869011
31	2.133745
32	0.975787
33	0.995547
34	0.968854
35	0.493483
36	0.770183
37	1.315837
38	1.160134
39	1.127729
4	0.741569
40	0.725534
41	0.946713
42	0.573382
43	0.911353
44	0.629088
45	1.442106
46	0.818536
47	0.510728
49	1.143980
5	0.481010
50	0.829159
51	0.926100
52	0.835754
53	0.602893
54	0.680227
55	0.682438
56	0.541355
57	0.814329
58	0.862926
59	0.503269
6	0.686792
60	0.548187
61	0.702612
62	1.011625
63	1.727282
64	1.008996
65	0.990084
66	1.010741
67	0.694872
68	0.887978
69	0.882116
7	0.997999
70	1.205306
71	1.507337
72	1.929591
73	0.538192
74	0.428309
75	0.435405
76	0.895793
77	0.631074
78	1.634858
79	0.959175
8	0.344398
80	1.182281
81	0.586750
82	0.678071
83	1.270406
84	1.061012
85	0.693816
86	1.330581
87	0.479696
88	1.269779
89	0.554219
9	1.666006
90	0.912761
91	0.745711
92	1.610304
93	0.956154
94	1.054159
95	1.388917
96	0.810886
97	1.070335
98	1.123764
0	-1,0.738170,1,15,66,96
1	-1,1.227327,37,72
10	-1,0.893390,4,6,38,67,78,80
11	-1,0.649291,6,28,40,49,51,67,89
12	-1,0.997768,24,28,50,55,67,85,98
13	-1,0.909551,25,32,33,35,76
14	-1,0.330483,36,39,44,62,98
15	-1,1.211136,47,70,79,95,97
16	-1,0.621707,45,52,67,80
17	-1,0.553411,18,39,41,53,63,72,79,99
18	-1,1.012418,52,61,62,87
19	-1,0.884464,27,33,37,45,92
2	-1,1.017654,31,63
20	-1,1.146931,7,94
22	-1,1.045777,25,65,72,83,97
23	-1,0.570832,92,99
24	-1,1.020138,9,10,18,38,55,93,94
25	-1,0.815242,63
26	-1,0.831720,15,23,28,64
27	-1,1.333454,32,68,70,92
28	-1,0.878131,21,25,72
29	-1,0.865963,18,23,31,36,86
3	-1,0.745102,30,42,45,86
30	-1,0.870141,80,84,95
31	-1,2.137014,29,36,46,49,54,62,70,85
32	-1,0.977100,2,3,6,27,47,69,71,91
33	-1,0.996956,2,56,58,86
34	-1,0.970245,0,7,77,78
35	-1,0.493973,12,18,62,64,65,66,83,91
36	-1,0.771164,12,20,30,34,61,75,77,99
37	-1,1.317757,40,59,71,97
38	-1,1.161735,30,41,98
39	-1,1.129366,31,43,68,71,92
4	-1,0.742566,24,42,46,86
40	-1,0.726481,7,71,72,73
41	-1,0.947950,44,45,49,66
42	-1,0.574057,36,45,70,89,99
43	-1,0.912663,4,21,24,56,67,68,80,86,90
44	-1,0.629836,17,37,38
45	-1,1.444201,18,53,58,83,86,90
46	-1,0.819650,78
47	-1,0.511312,5,14,52,70,73
49	-1,1.145657,2,29,31,39,84
5	-1,0.481490,2,9,24,50,61,81,98
50	-1,0.830264,0,20,46,68
51	-1,0.927390,38,45,61,71
52	-1,0.836841,27,31,64,91
53	-1,0.603619,2,13,65,78,95
54	-1,0.681042,12,69,77
55	-1,0.683302,10,19,22,25,51,58,62
56	-1,0.541997,29,36,80,96,98
57	-1,0.815445,86,94,96,98
58	-1,0.864077,16,38,71,73,78
59	-1,0.503829,10,24,69,92
6	-1,0.687648,15,22,58,80
60	-1,0.548860,14,49,53,56,65
61	-1,0.703484,6,9,18,20,99
62	-1,1.013035,11,22,33,91
63	-1,1.729808,3,64,65,72
64	-1,1.010389,3,27,28,31,33,39,78
65	-1,0.991429,27,88
66	-1,1.012084,8,19,72,81,83,98
67	-1,0.695739,2,26,30,31,32,45
68	-1,0.889223,1,6,19,28,40,81,85
69	-1,0.883256,12,22,42,46,55,72,88
7	-1,0.999417,12,21,38,57,93
70	-1,1.207076,20,63,99
71	-1,1.509628,15,16,45,84,97
72	-1,1.932536,10,49,51,92,93,95
73	-1,0.538787,41,50,51,84,92
74	-1,0.428753,35,54,84
75	-1,0.435875,29,34,37,51,54,65,85,91
76	-1,0.897086,9
77	-1,0.631831,0,5,32,37,40,41,44,69,79,83,85,86,87
78	-1,1.637250,13,19,34,82
79	-1,0.960510,0,26,43,74,90
8	-1,0.344686,13,41,59,87
80	-1,1.183933,31,79
81	-1,0.587415,5,21,26,78,93,96
82	-1,0.678999,2,23,24,32,52,53
83	-1,1.272222,1,4,10,18,27,29,70
84	-1,1.062472,9,21
85	-1,0.694714,32,54,57,64,69,90,99
86	-1,1.332540,11,60,71,95
87	-1,0.480179,8,19,20,27,30,47,54,63
88	-1,1.271680,21,26,44,50,55,82
89	-1,0.554889,16,32,35,38,40,57,58
9	-1,1.668503,33,39,41,43,51,69,80
90	-1,0.914042,1,26,52,93,96
91	-1,0.746635,12,24,66,81,95
92	-1,1.612664,22,34,39,57
93	-1,0.957506,15,43,66,75
94	-1,1.055647,4,17,20,90
95	-1,1.390987,76,88
96	-1,0.811920,12,13,24,31,60,74
97	-1,1.071940,37,50,62,89
98	-1,1.125255,5,13,15,28,49,66,92,94
99	-1,1.178481,1,83
21	-1,8.412571
99	1.176884
