0	0.732562
1	1.217076
10	0.886286
11	0.644308
12	0.990320
13	0.902610
14	0.329000
15	1.200994
16	0.617071
17	0.549737
18	1.004418
19	0.877471
2	1.009578
20	1.137495
21	9.034058
22	1.037247
23	0.566841
24	1.012466
25	0.809071
26	0.825246
27	1.322407
28	0.871352
29	0.858928
3	0.739221
30	0.863560
31	2.118019
32	0.969447
33	0.988753
34	0.962154
35	0.491119
36	0.765461
37	1.306591
38	1.152430
39	1.119841
4	0.736769
40	0.720964
41	0.940752
42	0.570129
43	0.905043
44	0.625489
45	1.432012
46	0.813169
47	0.507921
49	1.135896
5	0.478701
50	0.823832
51	0.919880
52	0.830509
53	0.599379
54	0.676290
55	0.678274
56	0.538258
57	0.808956
58	0.857367
59	0.500567
6	0.682668
60	0.544946
61	0.698413
62	1.004821
63	1.715120
64	1.002281
65	0.983598
66	1.004276
67	0.690693
68	0.881985
69	0.876633
7	0.991167
70	1.196777
71	1.496312
72	1.915413
73	0.535333
74	0.426161
75	0.433151
76	0.889557
77	0.627440
78	1.623346
79	0.952757
8	0.343007
80	1.174326
81	0.583545
82	0.673593
83	1.261668
84	1.053972
85	0.689481
86	1.321142
87	0.477376
88	1.260620
89	0.550994
9	1.653983
90	0.906582
91	0.741259
92	1.598940
93	0.949643
94	1.046990
95	1.378945
96	0.805914
97	1.062603
98	1.116584
0	-1,0.732616,1,15,66,96
1	-1,1.217178,37,72
10	-1,0.886357,4,6,38,67,78,80
11	-1,0.644357,6,28,40,49,51,67,89
12	-1,0.990394,24,28,50,55,67,85,98
13	-1,0.902678,25,32,33,35,76
14	-1,0.329014,36,39,44,62,98
15	-1,1.201093,47,70,79,95,97
16	-1,0.617117,45,52,67,80
17	-1,0.549774,18,39,41,53,63,72,79,99
18	-1,1.004497,52,61,62,87
19	-1,0.877542,27,33,37,45,92
2	-1,1.009658,31,63
20	-1,1.137589,7,94
22	-1,1.037331,25,65,72,83,97
23	-1,0.566880,92,99
24	-1,1.012543,9,10,18,38,55,93,94
25	-1,0.809133,63
26	-1,0.825310,15,23,28,64
27	-1,1.322517,32,68,70,92
28	-1,0.871418,21,25,72
29	-1,0.858998,18,23,31,36,86
3	-1,0.739280,30,42,45,86
30	-1,0.863625,80,84,95
31	-1,2.118206,29,36,46,49,54,62,70,85
32	-1,0.969522,2,3,6,27,47,69,71,91
33	-1,0.988834,2,56,58,86
34	-1,0.962234,0,7,77,78
35	-1,0.491148,12,18,62,64,65,66,83,91
36	-1,0.765516,12,20,30,34,61,75,77,99
37	-1,1.306702,40,59,71,97
38	-1,1.152523,30,41,98
39	-1,1.119934,31,43,68,71,92
4	-1,0.736826,24,42,46,86
40	-1,0.721018,7,71,72,73
41	-1,0.940822,44,45,49,66
42	-1,0.570168,36,45,70,89,99
43	-1,0.905120,4,21,24,56,67,68,80,86,90
44	-1,0.625531,17,37,38
45	-1,1.432131,18,53,58,83,86,90
46	-1,0.813233,78
47	-1,0.507955,5,14,52,70,73
49	-1,1.135991,2,29,31,39,84
5	-1,0.478727,2,9,24,50,61,81,98
50	-1,0.823894,0,20,46,68
51	-1,0.919954,38,45,61,71
52	-1,0.830572,27,31,64,91
53	-1,0.599421,2,13,65,78,95
54	-1,0.676337,12,69,77
55	-1,0.678323,10,19,22,25,51,58,62
56	-1,0.538294,29,36,80,96,98
57	-1,0.809019,86,94,96,98
58	-1,0.857435,16,38,71,73,78
59	-1,0.500600,10,24,69,92
6	-1,0.682717,15,22,58,80
60	-1,0.544985,14,49,53,56,65
61	-1,0.698463,6,9,18,20,99
62	-1,1.004904,11,22,33,91
63	-1,1.715266,3,64,65,72
64	-1,1.002362,3,27,28,31,33,39,78
65	-1,0.983676,27,88
66	-1,1.004352,8,19,72,81,83,98
67	-1,0.690743,2,26,30,31,32,45
68	-1,0.882056,1,6,19,28,40,81,85
69	-1,0.876698,12,22,42,46,55,72,88
7	-1,0.991247,12,21,38,57,93
70	-1,1.196877,20,63,99
71	-1,1.496445,15,16,45,84,97
72	-1,1.915582,10,49,51,92,93,95
73	-1,0.535367,41,50,51,84,92
74	-1,0.426187,35,54,84
75	-1,0.433178,29,34,37,51,54,65,85,91
76	-1,0.889632,9
77	-1,0.627482,0,5,32,37,40,41,44,69,79,83,85,86,87
78	-1,1.623481,13,19,34,82
79	-1,0.952832,0,26,43,74,90
8	-1,0.343025,13,41,59,87
80	-1,1.174422,31,79
81	-1,0.583582,5,21,26,78,93,96
82	-1,0.673647,2,23,24,32,52,53
83	-1,1.261774,1,4,10,18,27,29,70
84	-1,1.054056,9,21
85	-1,0.689533,32,54,57,64,69,90,99
86	-1,1.321254,11,60,71,95
87	-1,0.477404,8,19,20,27,30,47,54,63
88	-1,1.260730,21,26,44,50,55,82
89	-1,0.551033,16,32,35,38,40,57,58
9	-1,1.654124,33,39,41,43,51,69,80
90	-1,0.906656,1,26,52,93,96
91	-1,0.741314,12,24,66,81,95
92	-1,1.599075,22,34,39,57
93	-1,0.949721,15,43,66,75
94	-1,1.047074,4,17,20,90
95	-1,1.379063,76,88
96	-1,0.805973,12,13,24,31,60,74
97	-1,1.062693,37,50,62,89
98	-1,1.116669,5,13,15,28,49,66,92,94
99	-1,1.169277,1,83
21	-1,9.028128
99	1.169186
