0	0.732515
1	1.216993
10	0.886228
11	0.644267
12	0.990259
13	0.902553
14	0.328987
15	1.200911
16	0.617031
17	0.549707
18	1.004353
19	0.877414
2	1.009512
20	1.137420
21	9.039001
22	1.037176
23	0.566809
24	1.012402
25	0.809020
26	0.825191
27	1.322315
28	0.871296
29	0.858870
3	0.739172
30	0.863505
31	2.117860
32	0.969383
33	0.988684
34	0.962088
35	0.491096
36	0.765414
37	1.306500
38	1.152351
39	1.119762
4	0.736721
40	0.720918
41	0.940693
42	0.570096
43	0.904981
44	0.625453
45	1.431909
46	0.813115
47	0.507894
49	1.135815
5	0.478677
50	0.823779
51	0.919820
52	0.830458
53	0.599345
54	0.676251
55	0.678231
56	0.538226
57	0.808901
58	0.857313
59	0.500540
6	0.682627
60	0.544914
61	0.698372
62	1.004755
63	1.714999
64	1.002215
65	0.983534
66	1.004212
67	0.690651
68	0.881925
69	0.876578
7	0.991097
70	1.196691
71	1.496202
72	1.915270
73	0.535303
74	0.426140
75	0.433130
76	0.889496
77	0.627403
78	1.623228
79	0.952692
8	0.342993
80	1.174247
81	0.583513
82	0.673548
83	1.261583
84	1.053903
85	0.689438
86	1.321048
87	0.477354
88	1.260529
89	0.550963
9	1.653862
90	0.906521
91	0.741215
92	1.598828
93	0.949578
94	1.046917
95	1.378847
96	0.805864
97	1.062524
98	1.116512
0	-1,0.732562,1,15,66,96
1	-1,1.217076,37,72
10	-1,0.886286,4,6,38,67,78,80
11	-1,0.644308,6,28,40,49,51,67,89
12	-1,0.990320,24,28,50,55,67,85,98
13	-1,0.902610,25,32,33,35,76
14	-1,0.329000,36,39,44,62,98
15	-1,1.200994,47,70,79,95,97
16	-1,0.617071,45,52,67,80
17	-1,0.549737,18,39,41,53,63,72,79,99
18	-1,1.004418,52,61,62,87
19	-1,0.877471,27,33,37,45,92
2	-1,1.009578,31,63
20	-1,1.137495,7,94
22	-1,1.037247,25,65,72,83,97
23	-1,0.566841,92,99
24	-1,1.012466,9,10,18,38,55,93,94
25	-1,0.809071,63
26	-1,0.825246,15,23,28,64
27	-1,1.322407,32,68,70,92
28	-1,0.871352,21,25,72
29	-1,0.858928,18,23,31,36,86
3	-1,0.739221,30,42,45,86
30	-1,0.863560,80,84,95
31	-1,2.118019,29,36,46,49,54,62,70,85
32	-1,0.969447,2,3,6,27,47,69,71,91
33	-1,0.988753,2,56,58,86
34	-1,0.962154,0,7,77,78
35	-1,0.491119,12,18,62,64,65,66,83,91
36	-1,0.765461,12,20,30,34,61,75,77,99
37	-1,1.306591,40,59,71,97
38	-1,1.152430,30,41,98
39	-1,1.119841,31,43,68,71,92
4	-1,0.736769,24,42,46,86
40	-1,0.720964,7,71,72,73
41	-1,0.940752,44,45,49,66
42	-1,0.570129,36,45,70,89,99
43	-1,0.905043,4,21,24,56,67,68,80,86,90
44	-1,0.625489,17,37,38
45	-1,1.432012,18,53,58,83,86,90
46	-1,0.813169,78
47	-1,0.507921,5,14,52,70,73
49	-1,1.135896,2,29,31,39,84
5	-1,0.478701,2,9,24,50,61,81,98
50	-1,0.823832,0,20,46,68
51	-1,0.919880,38,45,61,71
52	-1,0.830509,27,31,64,91
53	-1,0.599379,2,13,65,78,95
54	-1,0.676290,12,69,77
55	-1,0.678274,10,19,22,25,51,58,62
56	-1,0.538258,29,36,80,96,98
57	-1,0.808956,86,94,96,98
58	-1,0.857367,16,38,71,73,78
59	-1,0.500567,10,24,69,92
6	-1,0.682668,15,22,58,80
60	-1,0.544946,14,49,53,56,65
61	-1,0.698413,6,9,18,20,99
62	-1,1.004821,11,22,33,91
63	-1,1.715120,3,64,65,72
64	-1,1.002281,3,27,28,31,33,39,78
65	-1,0.983598,27,88
66	-1,1.004276,8,19,72,81,83,98
67	-1,0.690693,2,26,30,31,32,45
68	-1,0.881985,1,6,19,28,40,81,85
69	-1,0.876633,12,22,42,46,55,72,88
7	-1,0.991167,12,21,38,57,93
70	-1,1.196777,20,63,99
71	-1,1.496312,15,16,45,84,97
72	-1,1.915413,10,49,51,92,93,95
73	-1,0.535333,41,50,51,84,92
74	-1,0.426161,35,54,84
75	-1,0.433151,29,34,37,51,54,65,85,91
76	-1,0.889557,9
77	-1,0.627440,0,5,32,37,40,41,44,69,79,83,85,86,87
78	-1,1.623346,13,19,34,82
79	-1,0.952757,0,26,43,74,90
8	-1,0.343007,13,41,59,87
80	-1,1.174326,31,79
81	-1,0.583545,5,21,26,78,93,96
82	-1,0.673593,2,23,24,32,52,53
83	-1,1.261668,1,4,10,18,27,29,70
84	-1,1.053972,9,21
85	-1,0.689481,32,54,57,64,69,90,99
86	-1,1.321142,11,60,71,95
87	-1,0.477376,8,19,20,27,30,47,54,63
88	-1,1.260620,21,26,44,50,55,82
89	-1,0.550994,16,32,35,38,40,57,58
9	-1,1.653983,33,39,41,43,51,69,80
90	-1,0.906582,1,26,52,93,96
91	-1,0.741259,12,24,66,81,95
92	-1,1.598940,22,34,39,57
93	-1,0.949643,15,43,66,75
94	-1,1.046990,4,17,20,90
95	-1,1.378945,76,88
96	-1,0.805914,12,13,24,31,60,74
97	-1,1.062603,37,50,62,89
98	-1,1.116584,5,13,15,28,49,66,92,94
99	-1,1.169186,1,83
21	-1,9.034058
99	1.169110
