NodeId:0	-1,0.746114,1,15,66,96
NodeId:1	13,1.372368,37,72
NodeId:2	-1,1.029860,31,63
NodeId:3	-1,0.800881,30,42,45,86
NodeId:4	-1,0.712282,24,42,46,86
NodeId:5	-1,0.535109,2,9,24,50,61,81,98
NodeId:6	-1,0.729573,15,22,58,80
NodeId:7	-1,1.013035,12,21,38,57,93
NodeId:8	-1,0.383791,13,41,59,87
NodeId:9	6,1.712667,33,39,41,43,51,69,80
NodeId:10	-1,0.921589,4,6,38,67,78,80
NodeId:11	-1,0.691965,6,28,40,49,51,67,89
NodeId:12	25,1.174362,24,28,50,55,67,85,98
NodeId:13	40,1.066400,25,32,33,35,76
NodeId:14	-1,0.326233,36,39,44,62,98
NodeId:15	20,1.270533,47,70,79,95,97
NodeId:16	-1,0.659030,45,52,67,80
NodeId:17	-1,0.575264,18,39,41,53,63,72,79,99
NodeId:18	28,1.146573,52,61,62,87
NodeId:19	-1,0.981293,27,33,37,45,92
NodeId:20	23,1.205182,7,94
NodeId:21	1,3.365952
NodeId:22	30,1.133523,25,65,72,83,97
NodeId:23	-1,0.555929,92,99
NodeId:24	32,1.104624,9,10,18,38,55,93,94
NodeId:25	-1,0.844039,63
NodeId:26	-1,0.863920,15,23,28,64
NodeId:27	12,1.437179,32,68,70,92
NodeId:28	-1,0.936719,21,25,72
NodeId:29	-1,0.849494,18,23,31,36,86
NodeId:30	-1,0.950406,80,84,95
NodeId:31	2,2.390571,29,36,46,49,54,62,70,85
NodeId:32	-1,1.040330,2,3,6,27,47,69,71,91
NodeId:33	-1,1.039564,2,56,58,86
NodeId:34	34,1.088757,0,7,77,78
NodeId:35	-1,0.549650,12,18,62,64,65,66,83,91
NodeId:36	-1,0.824364,12,20,30,34,61,75,77,99
NodeId:37	14,1.299134,40,59,71,97
NodeId:38	19,1.279658,30,41,98
NodeId:39	24,1.193293,31,43,68,71,92
NodeId:40	-1,0.771127,7,71,72,73
NodeId:41	36,1.083213,44,45,49,66
NodeId:42	-1,0.557175,36,45,70,89,99
NodeId:43	-1,0.955706,4,21,24,56,67,68,80,86,90
NodeId:44	-1,0.676985,17,37,38
NodeId:45	11,1.467594,18,53,58,83,86,90
NodeId:46	-1,0.852652,78
NodeId:47	-1,0.554436,5,14,52,70,73
NodeId:49	26,1.171006,2,29,31,39,84
NodeId:50	-1,0.842257,0,20,46,68
NodeId:51	-1,0.950084,38,45,61,71
NodeId:52	-1,0.860302,27,31,64,91
NodeId:53	-1,0.609738,2,13,65,78,95
NodeId:54	-1,0.706120,12,69,77
NodeId:55	-1,0.755106,10,19,22,25,51,58,62
NodeId:56	-1,0.514412,29,36,80,96,98
NodeId:57	-1,0.875053,86,94,96,98
NodeId:58	-1,0.936863,16,38,71,73,78
NodeId:59	-1,0.534707,10,24,69,92
NodeId:60	-1,0.612387,14,49,53,56,65
NodeId:61	-1,0.791588,6,9,18,20,99
NodeId:62	38,1.068502,11,22,33,91
NodeId:63	4,1.874667,3,64,65,72
NodeId:64	29,1.135609,3,27,28,31,33,39,78
NodeId:65	39,1.066485,27,88
NodeId:66	31,1.122527,8,19,72,81,83,98
NodeId:67	-1,0.702252,2,26,30,31,32,45
NodeId:68	-1,0.930588,1,6,19,28,40,81,85
NodeId:69	-1,0.992905,12,22,42,46,55,72,88
NodeId:70	22,1.247845,20,63,99
NodeId:71	8,1.619496,15,16,45,84,97
NodeId:72	3,2.045380,10,49,51,92,93,95
NodeId:73	-1,0.571981,41,50,51,84,92
NodeId:74	-1,0.484422,35,54,84
NodeId:75	-1,0.439613,29,34,37,51,54,65,85,91
NodeId:76	-1,0.870233,9
NodeId:77	-1,0.664315,0,5,32,37,40,41,44,69,79,83,85,86,87
NodeId:78	7,1.629479,13,19,34,82
NodeId:79	37,1.073753,0,26,43,74,90
NodeId:80	21,1.266146,31,79
NodeId:81	-1,0.646522,5,21,26,78,93,96
NodeId:82	-1,0.724788,2,23,24,32,52,53
NodeId:83	9,1.502289,1,4,10,18,27,29,70
NodeId:84	33,1.100802,9,21
NodeId:85	-1,0.728590,32,54,57,64,69,90,99
NodeId:86	15,1.295117,11,60,71,95
NodeId:87	-1,0.550850,8,19,20,27,30,47,54,63
NodeId:88	16,1.291316,21,26,44,50,55,82
NodeId:89	-1,0.523621,16,32,35,38,40,57,58
NodeId:90	-1,0.943702,1,26,52,93,96
NodeId:91	-1,0.850057,12,24,66,81,95
NodeId:92	5,1.734908,22,34,39,57
NodeId:93	-1,0.995155,15,43,66,75
NodeId:94	27,1.153546,4,17,20,90
NodeId:95	10,1.493768,76,88
NodeId:96	-1,0.844665,12,13,24,31,60,74
NodeId:97	35,1.088135,37,50,62,89
NodeId:98	17,1.287218,5,13,15,28,49,66,92,94
NodeId:99	18,1.281529,1,83
