0	0.735161
1	1.221827
10	0.889580
11	0.646618
12	0.993773
13	0.905827
14	0.329688
15	1.205696
16	0.619220
17	0.551440
18	1.008126
19	0.880714
2	1.013324
20	1.141869
21	8.748436
22	1.041202
23	0.568691
24	1.016025
25	0.811933
26	0.828247
27	1.327530
28	0.874496
29	0.862190
3	0.741949
30	0.866612
31	2.126823
32	0.972996
33	0.992556
34	0.965905
35	0.492442
36	0.768104
37	1.311767
38	1.156743
39	1.124256
4	0.739455
40	0.723521
41	0.944089
42	0.571950
43	0.908576
44	0.627504
45	1.437662
46	0.816174
47	0.509494
49	1.140422
5	0.479993
50	0.826815
51	0.923362
52	0.833445
53	0.601346
54	0.678494
55	0.680605
56	0.539992
57	0.811963
58	0.860479
59	0.502079
6	0.684977
60	0.546760
61	0.700764
62	1.008630
63	1.721930
64	1.006041
65	0.987230
66	1.007896
67	0.693033
68	0.885340
69	0.879703
7	0.994991
70	1.201552
71	1.502484
72	1.923350
73	0.536934
74	0.427364
75	0.434414
76	0.893048
77	0.629475
78	1.629790
79	0.956350
8	0.343786
80	1.178780
81	0.585339
82	0.676099
83	1.266559
84	1.057913
85	0.691908
86	1.326426
87	0.478675
88	1.265748
89	0.552801
9	1.660715
90	0.910040
91	0.743752
92	1.605301
93	0.953287
94	1.051003
95	1.384527
96	0.808697
97	1.066931
98	1.120604
0	-1,0.735726,1,15,66,96
1	-1,1.222859,37,72
10	-1,0.890294,4,6,38,67,78,80
11	-1,0.647120,6,28,40,49,51,67,89
12	-1,0.994522,24,28,50,55,67,85,98
13	-1,0.906525,25,32,33,35,76
14	-1,0.329837,36,39,44,62,98
15	-1,1.206717,47,70,79,95,97
16	-1,0.619685,45,52,67,80
17	-1,0.551809,18,39,41,53,63,72,79,99
18	-1,1.008932,52,61,62,87
19	-1,0.881416,27,33,37,45,92
2	-1,1.014136,31,63
20	-1,1.142818,7,94
22	-1,1.042060,25,65,72,83,97
23	-1,0.569093,92,99
24	-1,1.016794,9,10,18,38,55,93,94
25	-1,0.812553,63
26	-1,0.828899,15,23,28,64
27	-1,1.328640,32,68,70,92
28	-1,0.875177,21,25,72
29	-1,0.862897,18,23,31,36,86
3	-1,0.742539,30,42,45,86
30	-1,0.867273,80,84,95
31	-1,2.128735,29,36,46,49,54,62,70,85
32	-1,0.973766,2,3,6,27,47,69,71,91
33	-1,0.993381,2,56,58,86
34	-1,0.966718,0,7,77,78
35	-1,0.492729,12,18,62,64,65,66,83,91
36	-1,0.768677,12,20,30,34,61,75,77,99
37	-1,1.312890,40,59,71,97
38	-1,1.157679,30,41,98
39	-1,1.125214,31,43,68,71,92
4	-1,0.740039,24,42,46,86
40	-1,0.724076,7,71,72,73
41	-1,0.944814,44,45,49,66
42	-1,0.572345,36,45,70,89,99
43	-1,0.909342,4,21,24,56,67,68,80,86,90
44	-1,0.627941,17,37,38
45	-1,1.438885,18,53,58,83,86,90
46	-1,0.816826,78
47	-1,0.509835,5,14,52,70,73
49	-1,1.141402,2,29,31,39,84
5	-1,0.480274,2,9,24,50,61,81,98
50	-1,0.827461,0,20,46,68
51	-1,0.924118,38,45,61,71
52	-1,0.834081,27,31,64,91
53	-1,0.601772,2,13,65,78,95
54	-1,0.678972,12,69,77
55	-1,0.681111,10,19,22,25,51,58,62
56	-1,0.540368,29,36,80,96,98
57	-1,0.812617,86,94,96,98
58	-1,0.861154,16,38,71,73,78
59	-1,0.502407,10,24,69,92
6	-1,0.685478,15,22,58,80
60	-1,0.547154,14,49,53,56,65
61	-1,0.701273,6,9,18,20,99
62	-1,1.009455,11,22,33,91
63	-1,1.723407,3,64,65,72
64	-1,1.006857,3,27,28,31,33,39,78
65	-1,0.988017,27,88
66	-1,1.008681,8,19,72,81,83,98
67	-1,0.693539,2,26,30,31,32,45
68	-1,0.886069,1,6,19,28,40,81,85
69	-1,0.880370,12,22,42,46,55,72,88
7	-1,0.995821,12,21,38,57,93
70	-1,1.202586,20,63,99
71	-1,1.503824,15,16,45,84,97
72	-1,1.925072,10,49,51,92,93,95
73	-1,0.537281,41,50,51,84,92
74	-1,0.427624,35,54,84
75	-1,0.434688,29,34,37,51,54,65,85,91
76	-1,0.893805,9
77	-1,0.629917,0,5,32,37,40,41,44,69,79,83,85,86,87
78	-1,1.631189,13,19,34,82
79	-1,0.957129,0,26,43,74,90
8	-1,0.343955,13,41,59,87
80	-1,1.179745,31,79
81	-1,0.585728,5,21,26,78,93,96
82	-1,0.676643,2,23,24,32,52,53
83	-1,1.267622,1,4,10,18,27,29,70
84	-1,1.058769,9,21
85	-1,0.692433,32,54,57,64,69,90,99
86	-1,1.327573,11,60,71,95
87	-1,0.478957,8,19,20,27,30,47,54,63
88	-1,1.266860,21,26,44,50,55,82
89	-1,0.553191,16,32,35,38,40,57,58
9	-1,1.662174,33,39,41,43,51,69,80
90	-1,0.910791,1,26,52,93,96
91	-1,0.744294,12,24,66,81,95
92	-1,1.606682,22,34,39,57
93	-1,0.954080,15,43,66,75
94	-1,1.051874,4,17,20,90
95	-1,1.385738,76,88
96	-1,0.809302,12,13,24,31,60,74
97	-1,1.067870,37,50,62,89
98	-1,1.121474,5,13,15,28,49,66,92,94
99	-1,1.174429,1,83
21	-1,8.685730
99	1.173495
