0	0.732683
1	1.217298
10	0.886439
11	0.644416
12	0.990483
13	0.902760
14	0.329031
15	1.201212
16	0.617170
17	0.549816
18	1.004592
19	0.877623
2	1.009754
20	1.137698
21	9.021017
22	1.037431
23	0.566928
24	1.012633
25	0.809206
26	0.825386
27	1.322646
28	0.871500
29	0.859080
3	0.739348
30	0.863703
31	2.118431
32	0.969613
33	0.988930
34	0.962329
35	0.491181
36	0.765584
37	1.306834
38	1.152631
39	1.120048
4	0.736894
40	0.721084
41	0.940908
42	0.570214
43	0.905208
44	0.625583
45	1.432273
46	0.813309
47	0.507995
49	1.136106
5	0.478761
50	0.823970
51	0.920043
52	0.830647
53	0.599471
54	0.676392
55	0.678381
56	0.538339
57	0.809095
58	0.857513
59	0.500638
6	0.682777
60	0.545031
61	0.698523
62	1.005001
63	1.715438
64	1.002457
65	0.983768
66	1.004445
67	0.690803
68	0.882142
69	0.876776
7	0.991344
70	1.196999
71	1.496600
72	1.915783
73	0.535407
74	0.426217
75	0.433211
76	0.889720
77	0.627535
78	1.623647
79	0.952925
8	0.343044
80	1.174534
81	0.583629
82	0.673710
83	1.261898
84	1.054155
85	0.689594
86	1.321389
87	0.477437
88	1.260859
89	0.551079
9	1.654296
90	0.906743
91	0.741376
92	1.599236
93	0.949813
94	1.047177
95	1.379205
96	0.806044
97	1.062803
98	1.116771
0	-1,0.732761,1,15,66,96
1	-1,1.217444,37,72
10	-1,0.886540,4,6,38,67,78,80
11	-1,0.644487,6,28,40,49,51,67,89
12	-1,0.990587,24,28,50,55,67,85,98
13	-1,0.902858,25,32,33,35,76
14	-1,0.329053,36,39,44,62,98
15	-1,1.201357,47,70,79,95,97
16	-1,0.617236,45,52,67,80
17	-1,0.549868,18,39,41,53,63,72,79,99
18	-1,1.004705,52,61,62,87
19	-1,0.877722,27,33,37,45,92
2	-1,1.009868,31,63
20	-1,1.137832,7,94
22	-1,1.037552,25,65,72,83,97
23	-1,0.566985,92,99
24	-1,1.012742,9,10,18,38,55,93,94
25	-1,0.809292,63
26	-1,0.825476,15,23,28,64
27	-1,1.322802,32,68,70,92
28	-1,0.871595,21,25,72
29	-1,0.859181,18,23,31,36,86
3	-1,0.739431,30,42,45,86
30	-1,0.863794,80,84,95
31	-1,2.118698,29,36,46,49,54,62,70,85
32	-1,0.969720,2,3,6,27,47,69,71,91
33	-1,0.989046,2,56,58,86
34	-1,0.962444,0,7,77,78
35	-1,0.491221,12,18,62,64,65,66,83,91
36	-1,0.765664,12,20,30,34,61,75,77,99
37	-1,1.306990,40,59,71,97
38	-1,1.152763,30,41,98
39	-1,1.120181,31,43,68,71,92
4	-1,0.736977,24,42,46,86
40	-1,0.721161,7,71,72,73
41	-1,0.941008,44,45,49,66
42	-1,0.570269,36,45,70,89,99
43	-1,0.905315,4,21,24,56,67,68,80,86,90
44	-1,0.625643,17,37,38
45	-1,1.432445,18,53,58,83,86,90
46	-1,0.813400,78
47	-1,0.508042,5,14,52,70,73
49	-1,1.136243,2,29,31,39,84
5	-1,0.478800,2,9,24,50,61,81,98
50	-1,0.824061,0,20,46,68
51	-1,0.920149,38,45,61,71
52	-1,0.830736,27,31,64,91
53	-1,0.599530,2,13,65,78,95
54	-1,0.676460,12,69,77
55	-1,0.678453,10,19,22,25,51,58,62
56	-1,0.538391,29,36,80,96,98
57	-1,0.809188,86,94,96,98
58	-1,0.857609,16,38,71,73,78
59	-1,0.500684,10,24,69,92
6	-1,0.682846,15,22,58,80
60	-1,0.545086,14,49,53,56,65
61	-1,0.698594,6,9,18,20,99
62	-1,1.005115,11,22,33,91
63	-1,1.715644,3,64,65,72
64	-1,1.002573,3,27,28,31,33,39,78
65	-1,0.983878,27,88
66	-1,1.004554,8,19,72,81,83,98
67	-1,0.690875,2,26,30,31,32,45
68	-1,0.882243,1,6,19,28,40,81,85
69	-1,0.876869,12,22,42,46,55,72,88
7	-1,0.991459,12,21,38,57,93
70	-1,1.197144,20,63,99
71	-1,1.496787,15,16,45,84,97
72	-1,1.916024,10,49,51,92,93,95
73	-1,0.535455,41,50,51,84,92
74	-1,0.426253,35,54,84
75	-1,0.433249,29,34,37,51,54,65,85,91
76	-1,0.889826,9
77	-1,0.627596,0,5,32,37,40,41,44,69,79,83,85,86,87
78	-1,1.623841,13,19,34,82
79	-1,0.953032,0,26,43,74,90
8	-1,0.343067,13,41,59,87
80	-1,1.174671,31,79
81	-1,0.583684,5,21,26,78,93,96
82	-1,0.673786,2,23,24,32,52,53
83	-1,1.262046,1,4,10,18,27,29,70
84	-1,1.054276,9,21
85	-1,0.689668,32,54,57,64,69,90,99
86	-1,1.321549,11,60,71,95
87	-1,0.477475,8,19,20,27,30,47,54,63
88	-1,1.261015,21,26,44,50,55,82
89	-1,0.551134,16,32,35,38,40,57,58
9	-1,1.654501,33,39,41,43,51,69,80
90	-1,0.906848,1,26,52,93,96
91	-1,0.741453,12,24,66,81,95
92	-1,1.599429,22,34,39,57
93	-1,0.949924,15,43,66,75
94	-1,1.047297,4,17,20,90
95	-1,1.379374,76,88
96	-1,0.806128,12,13,24,31,60,74
97	-1,1.062935,37,50,62,89
98	-1,1.116894,5,13,15,28,49,66,92,94
99	-1,1.169517,1,83
21	-1,9.012488
99	1.169387
