NodeId:24	-1,1.031824,9,10,18,38,55,93,94
NodeId:25	-1,0.824614,63
NodeId:26	-1,0.84158,15,23,28,64
NodeId:27	-1,1.350114,32,68,70,92
NodeId:20	-1,1.161232,7,94
NodeId:21	-1,7.4533
NodeId:22	-1,1.058641,25,65,72,83,97
NodeId:23	-1,0.576876,92,99
NodeId:28	-1,0.888414,21,25,72
NodeId:29	-1,0.876604,18,23,31,36,86
NodeId:0	-1,0.746749,1,15,66,96
NodeId:4	-1,0.751344,24,42,46,86
NodeId:8	-1,0.347208,13,41,59,87
NodeId:59	-1,0.508794,10,24,69,92
NodeId:58	-1,0.874226,16,38,71,73,78
NodeId:55	-1,0.690924,10,19,22,25,51,58,62
NodeId:54	-1,0.688224,12,69,77
NodeId:57	-1,0.825234,86,94,96,98
NodeId:56	-1,0.547684,29,36,80,96,98
NodeId:51	-1,0.938655,38,45,61,71
NodeId:50	-1,0.839969,0,20,46,68
NodeId:53	-1,0.610141,2,13,65,78,95
NodeId:52	-1,0.846488,27,31,64,91
NodeId:88	-1,1.288389,21,26,44,50,55,82
NodeId:89	-1,0.560756,16,32,35,38,40,57,58
NodeId:82	-1,0.68721,2,23,24,32,52,53
NodeId:83	-1,1.288179,1,4,10,18,27,29,70
NodeId:80	-1,1.198409,31,79
NodeId:81	-1,0.593302,5,21,26,78,93,96
NodeId:86	-1,1.349831,11,60,71,95
NodeId:87	-1,0.48446,8,19,20,27,30,47,54,63
NodeId:84	-1,1.075317,9,21
NodeId:85	-1,0.70272,32,54,57,64,69,90,99
NodeId:3	-1,0.754092,30,42,45,86
NodeId:7	-1,1.012087,12,21,38,57,93
NodeId:39	-1,1.143657,31,43,68,71,92
NodeId:38	-1,1.1758,30,41,98
NodeId:33	-1,1.009265,2,56,58,86
NodeId:32	-1,0.988744,2,3,6,27,47,69,71,91
NodeId:31	-1,2.165698,29,36,46,49,54,62,70,85
NodeId:30	-1,0.880147,80,84,95
NodeId:37	-1,1.33463,40,59,71,97
NodeId:36	-1,0.779796,12,20,30,34,61,75,77,99
NodeId:35	-1,0.498307,12,18,62,64,65,66,83,91
NodeId:34	-1,0.982501,0,7,77,78
NodeId:60	-1,0.554846,14,49,53,56,65
NodeId:61	-1,0.711205,6,9,18,20,99
NodeId:62	-1,1.025456,11,22,33,91
NodeId:63	-1,1.752007,3,64,65,72
NodeId:64	-1,1.022709,3,27,28,31,33,39,78
NodeId:65	-1,1.003443,27,88
NodeId:66	-1,1.0239,8,19,72,81,83,98
NodeId:67	-1,0.703407,2,26,30,31,32,45
NodeId:68	-1,0.90018,1,6,19,28,40,81,85
NodeId:69	-1,0.893083,12,22,42,46,55,72,88
NodeId:2	-1,1.029882,31,63
NodeId:6	-1,0.695292,15,22,58,80
NodeId:99	-1,1.19268,1,83
NodeId:98	-1,1.138466,5,13,15,28,49,66,92,94
NodeId:91	-1,0.754736,12,24,66,81,95
NodeId:90	-1,0.92536,1,26,52,93,96
NodeId:93	-1,0.969301,15,43,66,75
NodeId:92	-1,1.633451,22,34,39,57
NodeId:95	-1,1.409278,76,88
NodeId:94	-1,1.06891,4,17,20,90
NodeId:97	-1,1.086159,37,50,62,89
NodeId:96	-1,0.821004,12,13,24,31,60,74
NodeId:11	-1,0.656833,6,28,40,49,51,67,89
NodeId:10	-1,0.904058,4,6,38,67,78,80
NodeId:13	-1,0.920048,25,32,33,35,76
NodeId:12	-1,1.0089,24,28,50,55,67,85,98
NodeId:15	-1,1.226547,47,70,79,95,97
NodeId:14	-1,0.332763,36,39,44,62,98
NodeId:17	-1,0.558956,18,39,41,53,63,72,79,99
NodeId:16	-1,0.628789,45,52,67,80
NodeId:19	-1,0.895053,27,33,37,45,92
NodeId:18	-1,1.024506,52,61,62,87
NodeId:49	-1,1.160489,2,29,31,39,84
NodeId:46	-1,0.829544,78
NodeId:47	-1,0.516463,5,14,52,70,73
NodeId:44	-1,0.636453,17,37,38
NodeId:45	-1,1.46268,18,53,58,83,86,90
NodeId:42	-1,0.580026,36,45,70,89,99
NodeId:43	-1,0.924164,4,21,24,56,67,68,80,86,90
NodeId:40	-1,0.734951,7,71,72,73
NodeId:41	-1,0.95885,44,45,49,66
NodeId:1	-1,1.242881,37,72
NodeId:5	-1,0.485665,2,9,24,50,61,81,98
NodeId:9	-1,1.690737,33,39,41,43,51,69,80
NodeId:77	-1,0.638455,0,5,32,37,40,41,44,69,79,83,85,86,87
NodeId:76	-1,0.908564,9
NodeId:75	-1,0.440025,29,34,37,51,54,65,85,91
NodeId:74	-1,0.432724,35,54,84
NodeId:73	-1,0.543991,41,50,51,84,92
NodeId:72	-1,1.958502,10,49,51,92,93,95
NodeId:71	-1,1.529866,15,16,45,84,97
NodeId:70	-1,1.222701,20,63,99
NodeId:79	-1,0.972304,0,26,43,74,90
NodeId:78	-1,1.658249,13,19,34,82
