0	0.732616
1	1.217178
10	0.886357
11	0.644357
12	0.990394
13	0.902678
14	0.329014
15	1.201093
16	0.617117
17	0.549774
18	1.004497
19	0.877542
2	1.009658
20	1.137589
21	9.028128
22	1.037331
23	0.566880
24	1.012543
25	0.809133
26	0.825310
27	1.322517
28	0.871418
29	0.858998
3	0.739280
30	0.863625
31	2.118206
32	0.969522
33	0.988834
34	0.962234
35	0.491148
36	0.765516
37	1.306702
38	1.152523
39	1.119934
4	0.736826
40	0.721018
41	0.940822
42	0.570168
43	0.905120
44	0.625531
45	1.432131
46	0.813233
47	0.507955
49	1.135991
5	0.478727
50	0.823894
51	0.919954
52	0.830572
53	0.599421
54	0.676337
55	0.678323
56	0.538294
57	0.809019
58	0.857435
59	0.500600
6	0.682717
60	0.544985
61	0.698463
62	1.004904
63	1.715266
64	1.002362
65	0.983676
66	1.004352
67	0.690743
68	0.882056
69	0.876698
7	0.991247
70	1.196877
71	1.496445
72	1.915582
73	0.535367
74	0.426187
75	0.433178
76	0.889632
77	0.627482
78	1.623481
79	0.952832
8	0.343025
80	1.174422
81	0.583582
82	0.673647
83	1.261774
84	1.054056
85	0.689533
86	1.321254
87	0.477404
88	1.260730
89	0.551033
9	1.654124
90	0.906656
91	0.741314
92	1.599075
93	0.949721
94	1.047074
95	1.379063
96	0.805973
97	1.062693
98	1.116669
0	-1,0.732683,1,15,66,96
1	-1,1.217298,37,72
10	-1,0.886439,4,6,38,67,78,80
11	-1,0.644416,6,28,40,49,51,67,89
12	-1,0.990483,24,28,50,55,67,85,98
13	-1,0.902760,25,32,33,35,76
14	-1,0.329031,36,39,44,62,98
15	-1,1.201212,47,70,79,95,97
16	-1,0.617170,45,52,67,80
17	-1,0.549816,18,39,41,53,63,72,79,99
18	-1,1.004592,52,61,62,87
19	-1,0.877623,27,33,37,45,92
2	-1,1.009754,31,63
20	-1,1.137698,7,94
22	-1,1.037431,25,65,72,83,97
23	-1,0.566928,92,99
24	-1,1.012633,9,10,18,38,55,93,94
25	-1,0.809206,63
26	-1,0.825386,15,23,28,64
27	-1,1.322646,32,68,70,92
28	-1,0.871500,21,25,72
29	-1,0.859080,18,23,31,36,86
3	-1,0.739348,30,42,45,86
30	-1,0.863703,80,84,95
31	-1,2.118431,29,36,46,49,54,62,70,85
32	-1,0.969613,2,3,6,27,47,69,71,91
33	-1,0.988930,2,56,58,86
34	-1,0.962329,0,7,77,78
35	-1,0.491181,12,18,62,64,65,66,83,91
36	-1,0.765584,12,20,30,34,61,75,77,99
37	-1,1.306834,40,59,71,97
38	-1,1.152631,30,41,98
39	-1,1.120048,31,43,68,71,92
4	-1,0.736894,24,42,46,86
40	-1,0.721084,7,71,72,73
41	-1,0.940908,44,45,49,66
42	-1,0.570214,36,45,70,89,99
43	-1,0.905208,4,21,24,56,67,68,80,86,90
44	-1,0.625583,17,37,38
45	-1,1.432273,18,53,58,83,86,90
46	-1,0.813309,78
47	-1,0.507995,5,14,52,70,73
49	-1,1.136106,2,29,31,39,84
5	-1,0.478761,2,9,24,50,61,81,98
50	-1,0.823970,0,20,46,68
51	-1,0.920043,38,45,61,71
52	-1,0.830647,27,31,64,91
53	-1,0.599471,2,13,65,78,95
54	-1,0.676392,12,69,77
55	-1,0.678381,10,19,22,25,51,58,62
56	-1,0.538339,29,36,80,96,98
57	-1,0.809095,86,94,96,98
58	-1,0.857513,16,38,71,73,78
59	-1,0.500638,10,24,69,92
6	-1,0.682777,15,22,58,80
60	-1,0.545031,14,49,53,56,65
61	-1,0.698523,6,9,18,20,99
62	-1,1.005001,11,22,33,91
63	-1,1.715438,3,64,65,72
64	-1,1.002457,3,27,28,31,33,39,78
65	-1,0.983768,27,88
66	-1,1.004445,8,19,72,81,83,98
67	-1,0.690803,2,26,30,31,32,45
68	-1,0.882142,1,6,19,28,40,81,85
69	-1,0.876776,12,22,42,46,55,72,88
7	-1,0.991344,12,21,38,57,93
70	-1,1.196999,20,63,99
71	-1,1.496600,15,16,45,84,97
72	-1,1.915783,10,49,51,92,93,95
73	-1,0.535407,41,50,51,84,92
74	-1,0.426217,35,54,84
75	-1,0.433211,29,34,37,51,54,65,85,91
76	-1,0.889720,9
77	-1,0.627535,0,5,32,37,40,41,44,69,79,83,85,86,87
78	-1,1.623647,13,19,34,82
79	-1,0.952925,0,26,43,74,90
8	-1,0.343044,13,41,59,87
80	-1,1.174534,31,79
81	-1,0.583629,5,21,26,78,93,96
82	-1,0.673710,2,23,24,32,52,53
83	-1,1.261898,1,4,10,18,27,29,70
84	-1,1.054155,9,21
85	-1,0.689594,32,54,57,64,69,90,99
86	-1,1.321389,11,60,71,95
87	-1,0.477437,8,19,20,27,30,47,54,63
88	-1,1.260859,21,26,44,50,55,82
89	-1,0.551079,16,32,35,38,40,57,58
9	-1,1.654296,33,39,41,43,51,69,80
90	-1,0.906743,1,26,52,93,96
91	-1,0.741376,12,24,66,81,95
92	-1,1.599236,22,34,39,57
93	-1,0.949813,15,43,66,75
94	-1,1.047177,4,17,20,90
95	-1,1.379205,76,88
96	-1,0.806044,12,13,24,31,60,74
97	-1,1.062803,37,50,62,89
98	-1,1.116771,5,13,15,28,49,66,92,94
99	-1,1.169387,1,83
21	-1,9.021017
99	1.169277
