0	0.735726
1	1.222859
10	0.890294
11	0.647120
12	0.994522
13	0.906525
14	0.329837
15	1.206717
16	0.619685
17	0.551809
18	1.008932
19	0.881416
2	1.014136
20	1.142818
21	8.685730
22	1.042060
23	0.569093
24	1.016794
25	0.812553
26	0.828899
27	1.328640
28	0.875177
29	0.862897
3	0.742539
30	0.867273
31	2.128735
32	0.973766
33	0.993381
34	0.966718
35	0.492729
36	0.768677
37	1.312890
38	1.157679
39	1.125214
4	0.740039
40	0.724076
41	0.944814
42	0.572345
43	0.909342
44	0.627941
45	1.438885
46	0.816826
47	0.509835
49	1.141402
5	0.480274
50	0.827461
51	0.924118
52	0.834081
53	0.601772
54	0.678972
55	0.681111
56	0.540368
57	0.812617
58	0.861154
59	0.502407
6	0.685478
60	0.547154
61	0.701273
62	1.009455
63	1.723407
64	1.006857
65	0.988017
66	1.008681
67	0.693539
68	0.886069
69	0.880370
7	0.995821
70	1.202586
71	1.503824
72	1.925072
73	0.537281
74	0.427624
75	0.434688
76	0.893805
77	0.629917
78	1.631189
79	0.957129
8	0.343955
80	1.179745
81	0.585728
82	0.676643
83	1.267622
84	1.058769
85	0.692433
86	1.327573
87	0.478957
88	1.266860
89	0.553191
9	1.662174
90	0.910791
91	0.744294
92	1.606682
93	0.954080
94	1.051874
95	1.385738
96	0.809302
97	1.067870
98	1.121474
0	-1,0.736400,1,15,66,96
1	-1,1.224091,37,72
10	-1,0.891149,4,6,38,67,78,80
11	-1,0.647718,6,28,40,49,51,67,89
12	-1,0.995416,24,28,50,55,67,85,98
13	-1,0.907358,25,32,33,35,76
14	-1,0.330016,36,39,44,62,98
15	-1,1.207933,47,70,79,95,97
16	-1,0.620242,45,52,67,80
17	-1,0.552251,18,39,41,53,63,72,79,99
18	-1,1.009893,52,61,62,87
19	-1,0.882256,27,33,37,45,92
2	-1,1.015109,31,63
20	-1,1.143953,7,94
22	-1,1.043085,25,65,72,83,97
23	-1,0.569573,92,99
24	-1,1.017717,9,10,18,38,55,93,94
25	-1,0.813294,63
26	-1,0.829678,15,23,28,64
27	-1,1.329967,32,68,70,92
28	-1,0.875991,21,25,72
29	-1,0.863743,18,23,31,36,86
3	-1,0.743245,30,42,45,86
30	-1,0.868064,80,84,95
31	-1,2.131016,29,36,46,49,54,62,70,85
32	-1,0.974685,2,3,6,27,47,69,71,91
33	-1,0.994367,2,56,58,86
34	-1,0.967691,0,7,77,78
35	-1,0.493073,12,18,62,64,65,66,83,91
36	-1,0.769363,12,20,30,34,61,75,77,99
37	-1,1.314231,40,59,71,97
38	-1,1.158798,30,41,98
39	-1,1.126359,31,43,68,71,92
4	-1,0.740736,24,42,46,86
40	-1,0.724740,7,71,72,73
41	-1,0.945677,44,45,49,66
42	-1,0.572817,36,45,70,89,99
43	-1,0.910257,4,21,24,56,67,68,80,86,90
44	-1,0.628463,17,37,38
45	-1,1.440352,18,53,58,83,86,90
46	-1,0.817604,78
47	-1,0.510241,5,14,52,70,73
49	-1,1.142576,2,29,31,39,84
5	-1,0.480609,2,9,24,50,61,81,98
50	-1,0.828235,0,20,46,68
51	-1,0.925021,38,45,61,71
52	-1,0.834843,27,31,64,91
53	-1,0.602282,2,13,65,78,95
54	-1,0.679544,12,69,77
55	-1,0.681716,10,19,22,25,51,58,62
56	-1,0.540817,29,36,80,96,98
57	-1,0.813397,86,94,96,98
58	-1,0.861961,16,38,71,73,78
59	-1,0.502799,10,24,69,92
6	-1,0.686076,15,22,58,80
60	-1,0.547624,14,49,53,56,65
61	-1,0.701884,6,9,18,20,99
62	-1,1.010442,11,22,33,91
63	-1,1.725172,3,64,65,72
64	-1,1.007830,3,27,28,31,33,39,78
65	-1,0.988958,27,88
66	-1,1.009618,8,19,72,81,83,98
67	-1,0.694146,2,26,30,31,32,45
68	-1,0.886937,1,6,19,28,40,81,85
69	-1,0.881165,12,22,42,46,55,72,88
7	-1,0.996813,12,21,38,57,93
70	-1,1.203824,20,63,99
71	-1,1.505424,15,16,45,84,97
72	-1,1.927129,10,49,51,92,93,95
73	-1,0.537698,41,50,51,84,92
74	-1,0.427936,35,54,84
75	-1,0.435014,29,34,37,51,54,65,85,91
76	-1,0.894710,9
77	-1,0.630444,0,5,32,37,40,41,44,69,79,83,85,86,87
78	-1,1.632861,13,19,34,82
79	-1,0.958060,0,26,43,74,90
8	-1,0.344156,13,41,59,87
80	-1,1.180900,31,79
81	-1,0.586194,5,21,26,78,93,96
82	-1,0.677292,2,23,24,32,52,53
83	-1,1.268890,1,4,10,18,27,29,70
84	-1,1.059790,9,21
85	-1,0.693062,32,54,57,64,69,90,99
86	-1,1.328942,11,60,71,95
87	-1,0.479293,8,19,20,27,30,47,54,63
88	-1,1.268189,21,26,44,50,55,82
89	-1,0.553660,16,32,35,38,40,57,58
9	-1,1.663921,33,39,41,43,51,69,80
90	-1,0.911688,1,26,52,93,96
91	-1,0.744939,12,24,66,81,95
92	-1,1.608331,22,34,39,57
93	-1,0.955026,15,43,66,75
94	-1,1.052914,4,17,20,90
95	-1,1.387186,76,88
96	-1,0.810024,12,13,24,31,60,74
97	-1,1.068991,37,50,62,89
98	-1,1.122517,5,13,15,28,49,66,92,94
99	-1,1.175548,1,83
21	-1,8.610576
99	1.174429
