0	0.733965
1	1.219643
10	0.888064
11	0.645555
12	0.992183
13	0.904346
14	0.329371
15	1.203533
16	0.618231
17	0.550656
18	1.006419
19	0.879222
2	1.011601
20	1.139856
21	8.880815
22	1.039382
23	0.567840
24	1.014385
25	0.810616
26	0.826867
27	1.325173
28	0.873048
29	0.860688
3	0.740693
30	0.865208
31	2.122772
32	0.971363
33	0.990806
34	0.964180
35	0.491833
36	0.766887
37	1.309386
38	1.154758
39	1.122226
4	0.738219
40	0.722344
41	0.942554
42	0.571112
43	0.906950
44	0.626576
45	1.435061
46	0.814791
47	0.508771
49	1.138338
5	0.479399
50	0.825441
51	0.921760
52	0.832095
53	0.600441
54	0.677479
55	0.679532
56	0.539194
57	0.810579
58	0.859047
59	0.501383
6	0.683914
60	0.545925
61	0.699682
62	1.006877
63	1.718797
64	1.004311
65	0.985559
66	1.006229
67	0.691956
68	0.883796
69	0.878291
7	0.993232
70	1.199354
71	1.499645
72	1.919698
73	0.536198
74	0.426809
75	0.433833
76	0.891442
77	0.628539
78	1.626825
79	0.954697
8	0.343428
80	1.176732
81	0.584513
82	0.674946
83	1.264311
84	1.056101
85	0.690790
86	1.323994
87	0.478077
88	1.263390
89	0.551968
9	1.657619
90	0.908448
91	0.742606
92	1.602375
93	0.951611
94	1.049156
95	1.381959
96	0.807417
97	1.064940
98	1.118754
0	-1,0.734296,1,15,66,96
1	-1,1.220244,37,72
10	-1,0.888482,4,6,38,67,78,80
11	-1,0.645849,6,28,40,49,51,67,89
12	-1,0.992622,24,28,50,55,67,85,98
13	-1,0.904756,25,32,33,35,76
14	-1,0.329458,36,39,44,62,98
15	-1,1.204128,47,70,79,95,97
16	-1,0.618504,45,52,67,80
17	-1,0.550873,18,39,41,53,63,72,79,99
18	-1,1.006891,52,61,62,87
19	-1,0.879634,27,33,37,45,92
2	-1,1.012078,31,63
20	-1,1.140413,7,94
22	-1,1.039884,25,65,72,83,97
23	-1,0.568076,92,99
24	-1,1.014838,9,10,18,38,55,93,94
25	-1,0.810980,63
26	-1,0.827249,15,23,28,64
27	-1,1.325822,32,68,70,92
28	-1,0.873448,21,25,72
29	-1,0.861102,18,23,31,36,86
3	-1,0.741040,30,42,45,86
30	-1,0.865595,80,84,95
31	-1,2.123890,29,36,46,49,54,62,70,85
32	-1,0.971815,2,3,6,27,47,69,71,91
33	-1,0.991289,2,56,58,86
34	-1,0.964656,0,7,77,78
35	-1,0.492003,12,18,62,64,65,66,83,91
36	-1,0.767223,12,20,30,34,61,75,77,99
37	-1,1.310043,40,59,71,97
38	-1,1.155307,30,41,98
39	-1,1.122786,31,43,68,71,92
4	-1,0.738561,24,42,46,86
40	-1,0.722670,7,71,72,73
41	-1,0.942977,44,45,49,66
42	-1,0.571342,36,45,70,89,99
43	-1,0.907399,4,21,24,56,67,68,80,86,90
44	-1,0.626833,17,37,38
45	-1,1.435779,18,53,58,83,86,90
46	-1,0.815172,78
47	-1,0.508969,5,14,52,70,73
49	-1,1.138912,2,29,31,39,84
5	-1,0.479562,2,9,24,50,61,81,98
50	-1,0.825821,0,20,46,68
51	-1,0.922202,38,45,61,71
52	-1,0.832468,27,31,64,91
53	-1,0.600690,2,13,65,78,95
54	-1,0.677760,12,69,77
55	-1,0.679828,10,19,22,25,51,58,62
56	-1,0.539415,29,36,80,96,98
57	-1,0.810962,86,94,96,98
58	-1,0.859443,16,38,71,73,78
59	-1,0.501575,10,24,69,92
6	-1,0.684208,15,22,58,80
60	-1,0.546156,14,49,53,56,65
61	-1,0.699981,6,9,18,20,99
62	-1,1.007361,11,22,33,91
63	-1,1.719660,3,64,65,72
64	-1,1.004789,3,27,28,31,33,39,78
65	-1,0.986020,27,88
66	-1,1.006689,8,19,72,81,83,98
67	-1,0.692253,2,26,30,31,32,45
68	-1,0.884222,1,6,19,28,40,81,85
69	-1,0.878680,12,22,42,46,55,72,88
7	-1,0.993717,12,21,38,57,93
70	-1,1.199959,20,63,99
71	-1,1.500428,15,16,45,84,97
72	-1,1.920705,10,49,51,92,93,95
73	-1,0.536400,41,50,51,84,92
74	-1,0.426963,35,54,84
75	-1,0.433994,29,34,37,51,54,65,85,91
76	-1,0.891886,9
77	-1,0.628797,0,5,32,37,40,41,44,69,79,83,85,86,87
78	-1,1.627644,13,19,34,82
79	-1,0.955152,0,26,43,74,90
8	-1,0.343526,13,41,59,87
80	-1,1.177296,31,79
81	-1,0.584741,5,21,26,78,93,96
82	-1,0.675265,2,23,24,32,52,53
83	-1,1.264931,1,4,10,18,27,29,70
84	-1,1.056602,9,21
85	-1,0.691099,32,54,57,64,69,90,99
86	-1,1.324666,11,60,71,95
87	-1,0.478243,8,19,20,27,30,47,54,63
88	-1,1.264040,21,26,44,50,55,82
89	-1,0.552198,16,32,35,38,40,57,58
9	-1,1.658473,33,39,41,43,51,69,80
90	-1,0.908889,1,26,52,93,96
91	-1,0.742922,12,24,66,81,95
92	-1,1.603182,22,34,39,57
93	-1,0.952074,15,43,66,75
94	-1,1.049666,4,17,20,90
95	-1,1.382667,76,88
96	-1,0.807769,12,13,24,31,60,74
97	-1,1.065488,37,50,62,89
98	-1,1.119263,5,13,15,28,49,66,92,94
99	-1,1.172060,1,83
21	-1,8.844402
99	1.171511
