NodeId:24	-1,1.023607,9,10,18,38,55,93,94
NodeId:25	-1,0.818024,63
NodeId:26	-1,0.834647,15,23,28,64
NodeId:27	-1,1.33844,32,68,70,92
NodeId:20	-1,1.151195,7,94
NodeId:21	-1,8.128228
NodeId:22	-1,1.049624,25,65,72,83,97
NodeId:23	-1,0.572634,92,99
NodeId:28	-1,0.881193,21,25,72
NodeId:29	-1,0.869139,18,23,31,36,86
NodeId:0	-1,0.740708,1,15,66,96
NodeId:4	-1,0.745182,24,42,46,86
NodeId:8	-1,0.345444,13,41,59,87
NodeId:59	-1,0.505303,10,24,69,92
NodeId:58	-1,0.867101,16,38,71,73,78
NodeId:55	-1,0.685575,10,19,22,25,51,58,62
NodeId:54	-1,0.683187,12,69,77
NodeId:57	-1,0.818374,86,94,96,98
NodeId:56	-1,0.543686,29,36,80,96,98
NodeId:51	-1,0.930783,38,45,61,71
NodeId:50	-1,0.83317,0,20,46,68
NodeId:53	-1,0.605535,2,13,65,78,95
NodeId:52	-1,0.839697,27,31,64,91
NodeId:88	-1,1.276671,21,26,44,50,55,82
NodeId:89	-1,0.556645,16,32,35,38,40,57,58
NodeId:82	-1,0.68143,2,23,24,32,52,53
NodeId:83	-1,1.276972,1,4,10,18,27,29,70
NodeId:80	-1,1.188259,31,79
NodeId:81	-1,0.589164,5,21,26,78,93,96
NodeId:86	-1,1.33768,11,60,71,95
NodeId:87	-1,0.48144,8,19,20,27,30,47,54,63
NodeId:84	-1,1.066301,9,21
NodeId:85	-1,0.697083,32,54,57,64,69,90,99
NodeId:3	-1,0.747753,30,42,45,86
NodeId:7	-1,1.003131,12,21,38,57,93
NodeId:39	-1,1.133665,31,43,68,71,92
NodeId:38	-1,1.165933,30,41,98
NodeId:33	-1,1.000659,2,56,58,86
NodeId:32	-1,0.980558,2,3,6,27,47,69,71,91
NodeId:31	-1,2.145579,29,36,46,49,54,62,70,85
NodeId:30	-1,0.873109,80,84,95
NodeId:37	-1,1.322798,40,59,71,97
NodeId:36	-1,0.773738,12,20,30,34,61,75,77,99
NodeId:35	-1,0.495262,12,18,62,64,65,66,83,91
NodeId:34	-1,0.973887,0,7,77,78
NodeId:60	-1,0.550627,14,49,53,56,65
NodeId:61	-1,0.705767,6,9,18,20,99
NodeId:62	-1,1.016742,11,22,33,91
NodeId:63	-1,1.736432,3,64,65,72
NodeId:64	-1,1.014045,3,27,28,31,33,39,78
NodeId:65	-1,0.994959,27,88
NodeId:66	-1,1.015606,8,19,72,81,83,98
NodeId:67	-1,0.698015,2,26,30,31,32,45
NodeId:68	-1,0.892491,1,6,19,28,40,81,85
NodeId:69	-1,0.886239,12,22,42,46,55,72,88
NodeId:2	-1,1.021302,31,63
NodeId:6	-1,0.689896,15,22,58,80
NodeId:99	-1,1.182679,1,83
NodeId:98	-1,1.129168,5,13,15,28,49,66,92,94
NodeId:91	-1,0.749063,12,24,66,81,95
NodeId:90	-1,0.917413,1,26,52,93,96
NodeId:93	-1,0.961056,15,43,66,75
NodeId:92	-1,1.618859,22,34,39,57
NodeId:95	-1,1.396422,76,88
NodeId:94	-1,1.059543,4,17,20,90
NodeId:97	-1,1.076152,37,50,62,89
NodeId:96	-1,0.814622,12,13,24,31,60,74
NodeId:11	-1,0.651539,6,28,40,49,51,67,89
NodeId:10	-1,0.896601,4,6,38,67,78,80
NodeId:13	-1,0.912671,25,32,33,35,76
NodeId:12	-1,1.001122,24,28,50,55,67,85,98
NodeId:15	-1,1.215705,47,70,79,95,97
NodeId:14	-1,0.331154,36,39,44,62,98
NodeId:17	-1,0.555071,18,39,41,53,63,72,79,99
NodeId:16	-1,0.623798,45,52,67,80
NodeId:19	-1,0.887611,27,33,37,45,92
NodeId:18	-1,1.016025,52,61,62,87
NodeId:49	-1,1.150068,2,29,31,39,84
NodeId:46	-1,0.822579,78
NodeId:47	-1,0.51284,5,14,52,70,73
NodeId:44	-1,0.631801,17,37,38
NodeId:45	-1,1.449698,18,53,58,83,86,90
NodeId:42	-1,0.57583,36,45,70,89,99
NodeId:43	-1,0.916106,4,21,24,56,67,68,80,86,90
NodeId:40	-1,0.728976,7,71,72,73
NodeId:41	-1,0.951198,44,45,49,66
NodeId:1	-1,1.231939,37,72
NodeId:5	-1,0.482748,2,9,24,50,61,81,98
NodeId:9	-1,1.675064,33,39,41,43,51,69,80
NodeId:77	-1,0.633806,0,5,32,37,40,41,44,69,79,83,85,86,87
NodeId:76	-1,0.900486,9
NodeId:75	-1,0.437101,29,34,37,51,54,65,85,91
NodeId:74	-1,0.42993,35,54,84
NodeId:73	-1,0.540347,41,50,51,84,92
NodeId:72	-1,1.940255,10,49,51,92,93,95
NodeId:71	-1,1.515639,15,16,45,84,97
NodeId:70	-1,1.211727,20,63,99
NodeId:79	-1,0.964005,0,26,43,74,90
NodeId:78	-1,1.643517,13,19,34,82
