0	0.733103
1	1.218070
10	0.886972
11	0.644790
12	0.991041
13	0.903282
14	0.329143
15	1.201974
16	0.617519
17	0.550092
18	1.005192
19	0.878149
2	1.010360
20	1.138407
21	8.975296
22	1.038072
23	0.567227
24	1.013208
25	0.809668
26	0.825872
27	1.323477
28	0.872010
29	0.859610
3	0.739790
30	0.864196
31	2.119856
32	0.970186
33	0.989547
34	0.962938
35	0.491395
36	0.766011
37	1.307672
38	1.153329
39	1.120764
4	0.737330
40	0.721498
41	0.941449
42	0.570509
43	0.905782
44	0.625909
45	1.433190
46	0.813796
47	0.508250
49	1.136841
5	0.478970
50	0.824454
51	0.920607
52	0.831122
53	0.599789
54	0.676751
55	0.678760
56	0.538621
57	0.809583
58	0.858017
59	0.500883
6	0.683151
60	0.545325
61	0.698904
62	1.005617
63	1.716541
64	1.003067
65	0.984357
66	1.005030
67	0.691182
68	0.882686
69	0.877274
7	0.991964
70	1.197773
71	1.497600
72	1.917069
73	0.535666
74	0.426412
75	0.433415
76	0.890286
77	0.627864
78	1.624690
79	0.953506
8	0.343170
80	1.175256
81	0.583920
82	0.674117
83	1.262692
84	1.054795
85	0.689989
86	1.322244
87	0.477648
88	1.261691
89	0.551371
9	1.655387
90	0.907304
91	0.741780
92	1.600267
93	0.950403
94	1.047826
95	1.380109
96	0.806493
97	1.063505
98	1.117422
0	-1,0.733266,1,15,66,96
1	-1,1.218364,37,72
10	-1,0.887177,4,6,38,67,78,80
11	-1,0.644935,6,28,40,49,51,67,89
12	-1,0.991256,24,28,50,55,67,85,98
13	-1,0.903481,25,32,33,35,76
14	-1,0.329186,36,39,44,62,98
15	-1,1.202266,47,70,79,95,97
16	-1,0.617651,45,52,67,80
17	-1,0.550198,18,39,41,53,63,72,79,99
18	-1,1.005422,52,61,62,87
19	-1,0.878349,27,33,37,45,92
2	-1,1.010593,31,63
20	-1,1.138680,7,94
22	-1,1.038318,25,65,72,83,97
23	-1,0.567342,92,99
24	-1,1.013428,9,10,18,38,55,93,94
25	-1,0.809846,63
26	-1,0.826059,15,23,28,64
27	-1,1.323795,32,68,70,92
28	-1,0.872202,21,25,72
29	-1,0.859810,18,23,31,36,86
3	-1,0.739959,30,42,45,86
30	-1,0.864387,80,84,95
31	-1,2.120404,29,36,46,49,54,62,70,85
32	-1,0.970407,2,3,6,27,47,69,71,91
33	-1,0.989783,2,56,58,86
34	-1,0.963170,0,7,77,78
35	-1,0.491477,12,18,62,64,65,66,83,91
36	-1,0.766176,12,20,30,34,61,75,77,99
37	-1,1.307992,40,59,71,97
38	-1,1.153597,30,41,98
39	-1,1.121038,31,43,68,71,92
4	-1,0.737496,24,42,46,86
40	-1,0.721656,7,71,72,73
41	-1,0.941657,44,45,49,66
42	-1,0.570622,36,45,70,89,99
43	-1,0.906000,4,21,24,56,67,68,80,86,90
44	-1,0.626035,17,37,38
45	-1,1.433539,18,53,58,83,86,90
46	-1,0.813983,78
47	-1,0.508347,5,14,52,70,73
49	-1,1.137120,2,29,31,39,84
5	-1,0.479051,2,9,24,50,61,81,98
50	-1,0.824638,0,20,46,68
51	-1,0.920823,38,45,61,71
52	-1,0.831305,27,31,64,91
53	-1,0.599912,2,13,65,78,95
54	-1,0.676887,12,69,77
55	-1,0.678904,10,19,22,25,51,58,62
56	-1,0.538727,29,36,80,96,98
57	-1,0.809770,86,94,96,98
58	-1,0.858210,16,38,71,73,78
59	-1,0.500976,10,24,69,92
6	-1,0.683293,15,22,58,80
60	-1,0.545438,14,49,53,56,65
61	-1,0.699049,6,9,18,20,99
62	-1,1.005853,11,22,33,91
63	-1,1.716965,3,64,65,72
64	-1,1.003300,3,27,28,31,33,39,78
65	-1,0.984581,27,88
66	-1,1.005256,8,19,72,81,83,98
67	-1,0.691327,2,26,30,31,32,45
68	-1,0.882893,1,6,19,28,40,81,85
69	-1,0.877465,12,22,42,46,55,72,88
7	-1,0.992202,12,21,38,57,93
70	-1,1.198068,20,63,99
71	-1,1.497983,15,16,45,84,97
72	-1,1.917560,10,49,51,92,93,95
73	-1,0.535766,41,50,51,84,92
74	-1,0.426486,35,54,84
75	-1,0.433494,29,34,37,51,54,65,85,91
76	-1,0.890502,9
77	-1,0.627992,0,5,32,37,40,41,44,69,79,83,85,86,87
78	-1,1.625092,13,19,34,82
79	-1,0.953730,0,26,43,74,90
8	-1,0.343218,13,41,59,87
80	-1,1.175533,31,79
81	-1,0.584030,5,21,26,78,93,96
82	-1,0.674271,2,23,24,32,52,53
83	-1,1.262994,1,4,10,18,27,29,70
84	-1,1.055039,9,21
85	-1,0.690138,32,54,57,64,69,90,99
86	-1,1.322572,11,60,71,95
87	-1,0.477728,8,19,20,27,30,47,54,63
88	-1,1.262009,21,26,44,50,55,82
89	-1,0.551483,16,32,35,38,40,57,58
9	-1,1.655805,33,39,41,43,51,69,80
90	-1,0.907518,1,26,52,93,96
91	-1,0.741935,12,24,66,81,95
92	-1,1.600662,22,34,39,57
93	-1,0.950630,15,43,66,75
94	-1,1.048076,4,17,20,90
95	-1,1.380457,76,88
96	-1,0.806668,12,13,24,31,60,74
97	-1,1.063773,37,50,62,89
98	-1,1.117671,5,13,15,28,49,66,92,94
99	-1,1.170354,1,83
21	-1,8.957667
99	1.170084
