0	0.746749
1	1.242881
10	0.904058
11	0.656833
12	1.008900
13	0.920048
14	0.332763
15	1.226547
16	0.628789
17	0.558956
18	1.024506
19	0.895053
2	1.029882
20	1.161232
21	7.453300
22	1.058641
23	0.576876
24	1.031824
25	0.824614
26	0.841580
27	1.350114
28	0.888414
29	0.876604
3	0.754092
30	0.880147
31	2.165698
32	0.988744
33	1.009265
34	0.982501
35	0.498307
36	0.779796
37	1.334630
38	1.175800
39	1.143657
4	0.751344
40	0.734951
41	0.958850
42	0.580026
43	0.924164
44	0.636453
45	1.462680
46	0.829544
47	0.516463
49	1.160489
5	0.485665
50	0.839969
51	0.938655
52	0.846488
53	0.610141
54	0.688224
55	0.690924
56	0.547684
57	0.825234
58	0.874226
59	0.508794
6	0.695292
60	0.554846
61	0.711205
62	1.025456
63	1.752007
64	1.022709
65	1.003443
66	1.023900
67	0.703407
68	0.900180
69	0.893083
7	1.012087
70	1.222701
71	1.529866
72	1.958502
73	0.543991
74	0.432724
75	0.440025
76	0.908564
77	0.638455
78	1.658249
79	0.972304
8	0.347208
80	1.198409
81	0.593302
82	0.687210
83	1.288179
84	1.075317
85	0.702720
86	1.349831
87	0.484460
88	1.288389
89	0.560756
9	1.690737
90	0.925360
91	0.754736
92	1.633451
93	0.969301
94	1.068910
95	1.409278
96	0.821004
97	1.086159
98	1.138466
0	-1,0.749440,1,15,66,96
1	-1,1.247962,37,72
10	-1,0.907811,4,6,38,67,78,80
11	-1,0.659529,6,28,40,49,51,67,89
12	-1,1.012665,24,28,50,55,67,85,98
13	-1,0.923750,25,32,33,35,76
14	-1,0.333408,36,39,44,62,98
15	-1,1.231629,47,70,79,95,97
16	-1,0.631015,45,52,67,80
17	-1,0.561002,18,39,41,53,63,72,79,99
18	-1,1.028743,52,61,62,87
19	-1,0.898704,27,33,37,45,92
2	-1,1.033920,31,63
20	-1,1.166295,7,94
22	-1,1.062953,25,65,72,83,97
23	-1,0.579047,92,99
24	-1,1.035471,9,10,18,38,55,93,94
25	-1,0.827578,63
26	-1,0.844735,15,23,28,64
27	-1,1.355735,32,68,70,92
28	-1,0.891790,21,25,72
29	-1,0.880037,18,23,31,36,86
3	-1,0.756784,30,42,45,86
30	-1,0.883470,80,84,95
31	-1,2.175575,29,36,46,49,54,62,70,85
32	-1,0.992681,2,3,6,27,47,69,71,91
33	-1,1.013349,2,56,58,86
34	-1,0.986805,0,7,77,78
35	-1,0.499634,12,18,62,64,65,66,83,91
36	-1,0.782625,12,20,30,34,61,75,77,99
37	-1,1.340406,40,59,71,97
38	-1,1.180828,30,41,98
39	-1,1.148525,31,43,68,71,92
4	-1,0.754571,24,42,46,86
40	-1,0.737485,7,71,72,73
41	-1,0.962453,44,45,49,66
42	-1,0.582023,36,45,70,89,99
43	-1,0.928144,4,21,24,56,67,68,80,86,90
44	-1,0.638593,17,37,38
45	-1,1.468814,18,53,58,83,86,90
46	-1,0.832595,78
47	-1,0.518081,5,14,52,70,73
49	-1,1.165108,2,29,31,39,84
5	-1,0.487157,2,9,24,50,61,81,98
50	-1,0.843197,0,20,46,68
51	-1,0.942531,38,45,61,71
52	-1,0.849579,27,31,64,91
53	-1,0.612295,2,13,65,78,95
54	-1,0.690372,12,69,77
55	-1,0.693423,10,19,22,25,51,58,62
56	-1,0.549477,29,36,80,96,98
57	-1,0.828670,86,94,96,98
58	-1,0.877662,16,38,71,73,78
59	-1,0.510270,10,24,69,92
6	-1,0.697711,15,22,58,80
60	-1,0.556997,14,49,53,56,65
61	-1,0.713731,6,9,18,20,99
62	-1,1.029317,11,22,33,91
63	-1,1.759829,3,64,65,72
64	-1,1.026575,3,27,28,31,33,39,78
65	-1,1.007057,27,88
66	-1,1.027719,8,19,72,81,83,98
67	-1,0.705852,2,26,30,31,32,45
68	-1,0.904182,1,6,19,28,40,81,85
69	-1,0.896519,12,22,42,46,55,72,88
7	-1,1.015820,12,21,38,57,93
70	-1,1.227987,20,63,99
71	-1,1.536724,15,16,45,84,97
72	-1,1.966814,10,49,51,92,93,95
73	-1,0.545661,41,50,51,84,92
74	-1,0.433858,35,54,84
75	-1,0.441529,29,34,37,51,54,65,85,91
76	-1,0.912566,9
77	-1,0.640719,0,5,32,37,40,41,44,69,79,83,85,86,87
78	-1,1.665181,13,19,34,82
79	-1,0.976359,0,26,43,74,90
8	-1,0.348039,13,41,59,87
80	-1,1.203361,31,79
81	-1,0.595001,5,21,26,78,93,96
82	-1,0.690097,2,23,24,32,52,53
83	-1,1.293408,1,4,10,18,27,29,70
84	-1,1.079603,9,21
85	-1,0.705080,32,54,57,64,69,90,99
86	-1,1.355780,11,60,71,95
87	-1,0.485776,8,19,20,27,30,47,54,63
88	-1,1.294304,21,26,44,50,55,82
89	-1,0.562829,16,32,35,38,40,57,58
9	-1,1.696983,33,39,41,43,51,69,80
90	-1,0.929129,1,26,52,93,96
91	-1,0.757408,12,24,66,81,95
92	-1,1.640396,22,34,39,57
93	-1,0.973511,15,43,66,75
94	-1,1.073046,4,17,20,90
95	-1,1.415357,76,88
96	-1,0.824066,12,13,24,31,60,74
97	-1,1.090477,37,50,62,89
98	-1,1.142650,5,13,15,28,49,66,92,94
99	-1,1.197227,1,83
21	-1,7.133878
99	1.192680
