0	0.762210
1	1.270997
10	0.939010
11	0.670380
12	1.039037
13	0.948423
14	0.333588
15	1.257101
16	0.630897
17	0.575370
18	1.064751
19	0.928233
2	1.069544
20	1.205679
21	5.089028
22	1.094664
23	0.586794
24	1.054434
25	0.855893
26	0.871826
27	1.402007
28	0.911194
29	0.905808
3	0.766706
30	0.903400
31	2.229970
32	1.019404
33	1.030306
34	1.009642
35	0.505564
36	0.797343
37	1.377409
38	1.209387
39	1.179144
4	0.778880
40	0.753888
41	0.977010
42	0.599970
43	0.939569
44	0.658770
45	1.498984
46	0.850335
47	0.531027
49	1.195231
5	0.502520
50	0.865353
51	0.964099
52	0.866853
53	0.617769
54	0.707006
55	0.712446
56	0.560401
57	0.849782
58	0.904391
59	0.528423
6	0.715137
60	0.558086
61	0.729756
62	1.053352
63	1.830617
64	1.049054
65	1.020375
66	1.059249
67	0.721214
68	0.931951
69	0.916153
7	1.031032
70	1.263820
71	1.562659
72	2.024926
73	0.547259
74	0.439618
75	0.445620
76	0.925019
77	0.654091
78	1.701152
79	0.995132
8	0.359505
80	1.232211
81	0.611525
82	0.709909
83	1.323129
84	1.111665
85	0.716971
86	1.402511
87	0.499854
88	1.324496
89	0.565754
9	1.771628
90	0.957048
91	0.783938
92	1.689420
93	1.010957
94	1.102128
95	1.453917
96	0.845709
97	1.117303
98	1.170351
0	-1,0.786314,1,15,66,96
1	-1,1.309049,37,72
10	-1,0.961633,4,6,38,67,78,80
11	-1,0.652269,6,28,40,49,51,67,89
12	-1,1.053009,24,28,50,55,67,85,98
13	-1,0.937903,25,32,33,35,76
14	-1,0.348359,36,39,44,62,98
15	-1,1.270718,47,70,79,95,97
16	-1,0.648164,45,52,67,80
17	-1,0.586941,18,39,41,53,63,72,79,99
18	-1,1.072969,52,61,62,87
19	-1,0.918508,27,33,37,45,92
2	-1,1.051310,31,63
20	-1,1.208349,7,94
22	-1,1.113018,25,65,72,83,97
23	-1,0.580675,92,99
24	-1,1.079673,9,10,18,38,55,93,94
25	-1,0.881082,63
26	-1,0.866980,15,23,28,64
27	-1,1.442269,32,68,70,92
28	-1,0.947870,21,25,72
29	-1,0.919649,18,23,31,36,86
3	-1,0.796797,30,42,45,86
30	-1,0.928359,80,84,95
31	-1,2.212004,29,36,46,49,54,62,70,85
32	-1,1.034343,2,3,6,27,47,69,71,91
33	-1,1.071028,2,56,58,86
34	-1,0.999230,0,7,77,78
35	-1,0.532123,12,18,62,64,65,66,83,91
36	-1,0.786041,12,20,30,34,61,75,77,99
37	-1,1.413263,40,59,71,97
38	-1,1.203462,30,41,98
39	-1,1.180183,31,43,68,71,92
4	-1,0.798369,24,42,46,86
40	-1,0.730109,7,71,72,73
41	-1,1.003887,44,45,49,66
42	-1,0.592114,36,45,70,89,99
43	-1,0.954836,4,21,24,56,67,68,80,86,90
44	-1,0.662015,17,37,38
45	-1,1.528646,18,53,58,83,86,90
46	-1,0.854904,78
47	-1,0.535053,5,14,52,70,73
49	-1,1.248839,2,29,31,39,84
5	-1,0.516047,2,9,24,50,61,81,98
50	-1,0.868980,0,20,46,68
51	-1,0.967391,38,45,61,71
52	-1,0.891052,27,31,64,91
53	-1,0.625815,2,13,65,78,95
54	-1,0.734959,12,69,77
55	-1,0.730237,10,19,22,25,51,58,62
56	-1,0.565274,29,36,80,96,98
57	-1,0.842938,86,94,96,98
58	-1,0.889124,16,38,71,73,78
59	-1,0.507622,10,24,69,92
6	-1,0.722687,15,22,58,80
60	-1,0.544873,14,49,53,56,65
61	-1,0.748105,6,9,18,20,99
62	-1,1.084425,11,22,33,91
63	-1,1.778329,3,64,65,72
64	-1,1.061636,3,27,28,31,33,39,78
65	-1,1.053937,27,88
66	-1,1.089879,8,19,72,81,83,98
67	-1,0.737489,2,26,30,31,32,45
68	-1,0.927502,1,6,19,28,40,81,85
69	-1,0.914102,12,22,42,46,55,72,88
7	-1,1.057428,12,21,38,57,93
70	-1,1.296784,20,63,99
71	-1,1.539698,15,16,45,84,97
72	-1,2.094305,10,49,51,92,93,95
73	-1,0.567386,41,50,51,84,92
74	-1,0.452199,35,54,84
75	-1,0.449059,29,34,37,51,54,65,85,91
76	-1,0.966139,9
77	-1,0.669016,0,5,32,37,40,41,44,69,79,83,85,86,87
78	-1,1.729082,13,19,34,82
79	-1,1.008661,0,26,43,74,90
8	-1,0.367552,13,41,59,87
80	-1,1.230596,31,79
81	-1,0.631511,5,21,26,78,93,96
82	-1,0.679201,2,23,24,32,52,53
83	-1,1.356119,1,4,10,18,27,29,70
84	-1,1.128156,9,21
85	-1,0.749744,32,54,57,64,69,90,99
86	-1,1.364423,11,60,71,95
87	-1,0.518638,8,19,20,27,30,47,54,63
88	-1,1.358675,21,26,44,50,55,82
89	-1,0.559973,16,32,35,38,40,57,58
9	-1,1.691219,33,39,41,43,51,69,80
90	-1,0.964309,1,26,52,93,96
91	-1,0.775516,12,24,66,81,95
92	-1,1.698742,22,34,39,57
93	-1,0.998131,15,43,66,75
94	-1,1.119050,4,17,20,90
95	-1,1.448412,76,88
96	-1,0.833968,12,13,24,31,60,74
97	-1,1.110071,37,50,62,89
98	-1,1.208032,5,13,15,28,49,66,92,94
99	-1,1.206298,1,83
21	-1,4.281309
99	1.228966
