0	0.740708
1	1.231939
10	0.896601
11	0.651539
12	1.001122
13	0.912671
14	0.331154
15	1.215705
16	0.623798
17	0.555071
18	1.016025
19	0.887611
2	1.021302
20	1.151195
21	8.128228
22	1.049624
23	0.572634
24	1.023607
25	0.818024
26	0.834647
27	1.338440
28	0.881193
29	0.869139
3	0.747753
30	0.873109
31	2.145579
32	0.980558
33	1.000659
34	0.973887
35	0.495262
36	0.773738
37	1.322798
38	1.165933
39	1.133665
4	0.745182
40	0.728976
41	0.951198
42	0.575830
43	0.916106
44	0.631801
45	1.449698
46	0.822579
47	0.512840
49	1.150068
5	0.482748
50	0.833170
51	0.930783
52	0.839697
53	0.605535
54	0.683187
55	0.685575
56	0.543686
57	0.818374
58	0.867101
59	0.505303
6	0.689896
60	0.550627
61	0.705767
62	1.016742
63	1.736432
64	1.014045
65	0.994959
66	1.015606
67	0.698015
68	0.892491
69	0.886239
7	1.003131
70	1.211727
71	1.515639
72	1.940255
73	0.540347
74	0.429930
75	0.437101
76	0.900486
77	0.633806
78	1.643517
79	0.964005
8	0.345444
80	1.188259
81	0.589164
82	0.681430
83	1.276972
84	1.066301
85	0.697083
86	1.337680
87	0.481440
88	1.276671
89	0.556645
9	1.675064
90	0.917413
91	0.749063
92	1.618859
93	0.961056
94	1.059543
95	1.396422
96	0.814622
97	1.076152
98	1.129168
0	-1,0.742333,1,15,66,96
1	-1,1.234968,37,72
10	-1,0.898671,4,6,38,67,78,80
11	-1,0.652995,6,28,40,49,51,67,89
12	-1,1.003327,24,28,50,55,67,85,98
13	-1,0.914731,25,32,33,35,76
14	-1,0.331592,36,39,44,62,98
15	-1,1.218685,47,70,79,95,97
16	-1,0.625153,45,52,67,80
17	-1,0.556144,18,39,41,53,63,72,79,99
18	-1,1.018374,52,61,62,87
19	-1,0.889668,27,33,37,45,92
2	-1,1.023673,31,63
20	-1,1.153937,7,94
22	-1,1.052119,25,65,72,83,97
23	-1,0.573802,92,99
24	-1,1.025850,9,10,18,38,55,93,94
25	-1,0.819830,63
26	-1,0.836546,15,23,28,64
27	-1,1.341685,32,68,70,92
28	-1,0.883170,21,25,72
29	-1,0.871195,18,23,31,36,86
3	-1,0.749486,30,42,45,86
30	-1,0.875034,80,84,95
31	-1,2.151186,29,36,46,49,54,62,70,85
32	-1,0.982811,2,3,6,27,47,69,71,91
33	-1,1.003070,2,56,58,86
34	-1,0.976271,0,7,77,78
35	-1,0.496103,12,18,62,64,65,66,83,91
36	-1,0.775401,12,20,30,34,61,75,77,99
37	-1,1.326084,40,59,71,97
38	-1,1.168667,30,41,98
39	-1,1.136465,31,43,68,71,92
4	-1,0.746885,24,42,46,86
40	-1,0.730593,7,71,72,73
41	-1,0.953322,44,45,49,66
42	-1,0.576987,36,45,70,89,99
43	-1,0.918349,4,21,24,56,67,68,80,86,90
44	-1,0.633082,17,37,38
45	-1,1.453268,18,53,58,83,86,90
46	-1,0.824472,78
47	-1,0.513839,5,14,52,70,73
49	-1,1.152916,2,29,31,39,84
5	-1,0.483562,2,9,24,50,61,81,98
50	-1,0.835065,0,20,46,68
51	-1,0.932982,38,45,61,71
52	-1,0.841564,27,31,64,91
53	-1,0.606784,2,13,65,78,95
54	-1,0.684571,12,69,77
55	-1,0.687053,10,19,22,25,51,58,62
56	-1,0.544787,29,36,80,96,98
57	-1,0.820271,86,94,96,98
58	-1,0.869078,16,38,71,73,78
59	-1,0.506266,10,24,69,92
6	-1,0.691345,15,22,58,80
60	-1,0.551769,14,49,53,56,65
61	-1,0.707266,6,9,18,20,99
62	-1,1.019143,11,22,33,91
63	-1,1.740731,3,64,65,72
64	-1,1.016432,3,27,28,31,33,39,78
65	-1,0.997263,27,88
66	-1,1.017905,8,19,72,81,83,98
67	-1,0.699495,2,26,30,31,32,45
68	-1,0.894628,1,6,19,28,40,81,85
69	-1,0.888189,12,22,42,46,55,72,88
7	-1,1.005569,12,21,38,57,93
70	-1,1.214768,20,63,99
71	-1,1.519545,15,16,45,84,97
72	-1,1.945312,10,49,51,92,93,95
73	-1,0.541357,41,50,51,84,92
74	-1,0.430681,35,54,84
75	-1,0.437909,29,34,37,51,54,65,85,91
76	-1,0.902706,9
77	-1,0.635099,0,5,32,37,40,41,44,69,79,83,85,86,87
78	-1,1.647560,13,19,34,82
79	-1,0.966313,0,26,43,74,90
8	-1,0.345932,13,41,59,87
80	-1,1.191088,31,79
81	-1,0.590292,5,21,26,78,93,96
82	-1,0.683045,2,23,24,32,52,53
83	-1,1.280083,1,4,10,18,27,29,70
84	-1,1.068808,9,21
85	-1,0.698595,32,54,57,64,69,90,99
86	-1,1.341040,11,60,71,95
87	-1,0.482267,8,19,20,27,30,47,54,63
88	-1,1.279934,21,26,44,50,55,82
89	-1,0.557786,16,32,35,38,40,57,58
9	-1,1.679331,33,39,41,43,51,69,80
90	-1,0.919591,1,26,52,93,96
91	-1,0.750639,12,24,66,81,95
92	-1,1.622901,22,34,39,57
93	-1,0.963362,15,43,66,75
94	-1,1.062107,4,17,20,90
95	-1,1.399958,76,88
96	-1,0.816397,12,13,24,31,60,74
97	-1,1.078897,37,50,62,89
98	-1,1.131711,5,13,15,28,49,66,92,94
99	-1,1.185393,1,83
21	-1,7.942500
99	1.182679
