0	0.734690
1	1.220965
10	0.888981
11	0.646199
12	0.993146
13	0.905243
14	0.329563
15	1.204841
16	0.618830
17	0.551131
18	1.007454
19	0.880125
2	1.012643
20	1.141076
21	8.800754
22	1.040483
23	0.568356
24	1.015377
25	0.811413
26	0.827703
27	1.326599
28	0.873925
29	0.861598
3	0.741452
30	0.866057
31	2.125225
32	0.972352
33	0.991866
34	0.965225
35	0.492203
36	0.767624
37	1.310828
38	1.155961
39	1.123456
4	0.738968
40	0.723058
41	0.943484
42	0.571620
43	0.907935
44	0.627138
45	1.436637
46	0.815629
47	0.509207
49	1.139599
5	0.479759
50	0.826274
51	0.922731
52	0.832913
53	0.600989
54	0.678095
55	0.680182
56	0.539677
57	0.811418
58	0.859915
59	0.501805
6	0.684557
60	0.546431
61	0.700338
62	1.007939
63	1.720695
64	1.005358
65	0.986570
66	1.007237
67	0.692609
68	0.884732
69	0.879146
7	0.994297
70	1.200686
71	1.501365
72	1.921909
73	0.536644
74	0.427145
75	0.434185
76	0.892415
77	0.629106
78	1.628622
79	0.955698
8	0.343644
80	1.177972
81	0.585013
82	0.675645
83	1.265673
84	1.057200
85	0.691468
86	1.325468
87	0.478439
88	1.264818
89	0.552472
9	1.659493
90	0.909414
91	0.743299
92	1.604148
93	0.952627
94	1.050275
95	1.383515
96	0.808192
97	1.066145
98	1.119875
0	-1,0.735161,1,15,66,96
1	-1,1.221827,37,72
10	-1,0.889580,4,6,38,67,78,80
11	-1,0.646618,6,28,40,49,51,67,89
12	-1,0.993773,24,28,50,55,67,85,98
13	-1,0.905827,25,32,33,35,76
14	-1,0.329688,36,39,44,62,98
15	-1,1.205696,47,70,79,95,97
16	-1,0.619220,45,52,67,80
17	-1,0.551440,18,39,41,53,63,72,79,99
18	-1,1.008126,52,61,62,87
19	-1,0.880714,27,33,37,45,92
2	-1,1.013324,31,63
20	-1,1.141869,7,94
22	-1,1.041202,25,65,72,83,97
23	-1,0.568691,92,99
24	-1,1.016025,9,10,18,38,55,93,94
25	-1,0.811933,63
26	-1,0.828247,15,23,28,64
27	-1,1.327530,32,68,70,92
28	-1,0.874496,21,25,72
29	-1,0.862190,18,23,31,36,86
3	-1,0.741949,30,42,45,86
30	-1,0.866612,80,84,95
31	-1,2.126823,29,36,46,49,54,62,70,85
32	-1,0.972996,2,3,6,27,47,69,71,91
33	-1,0.992556,2,56,58,86
34	-1,0.965905,0,7,77,78
35	-1,0.492442,12,18,62,64,65,66,83,91
36	-1,0.768104,12,20,30,34,61,75,77,99
37	-1,1.311767,40,59,71,97
38	-1,1.156743,30,41,98
39	-1,1.124256,31,43,68,71,92
4	-1,0.739455,24,42,46,86
40	-1,0.723521,7,71,72,73
41	-1,0.944089,44,45,49,66
42	-1,0.571950,36,45,70,89,99
43	-1,0.908576,4,21,24,56,67,68,80,86,90
44	-1,0.627504,17,37,38
45	-1,1.437662,18,53,58,83,86,90
46	-1,0.816174,78
47	-1,0.509494,5,14,52,70,73
49	-1,1.140422,2,29,31,39,84
5	-1,0.479993,2,9,24,50,61,81,98
50	-1,0.826815,0,20,46,68
51	-1,0.923362,38,45,61,71
52	-1,0.833445,27,31,64,91
53	-1,0.601346,2,13,65,78,95
54	-1,0.678494,12,69,77
55	-1,0.680605,10,19,22,25,51,58,62
56	-1,0.539992,29,36,80,96,98
57	-1,0.811963,86,94,96,98
58	-1,0.860479,16,38,71,73,78
59	-1,0.502079,10,24,69,92
6	-1,0.684977,15,22,58,80
60	-1,0.546760,14,49,53,56,65
61	-1,0.700764,6,9,18,20,99
62	-1,1.008630,11,22,33,91
63	-1,1.721930,3,64,65,72
64	-1,1.006041,3,27,28,31,33,39,78
65	-1,0.987230,27,88
66	-1,1.007896,8,19,72,81,83,98
67	-1,0.693033,2,26,30,31,32,45
68	-1,0.885340,1,6,19,28,40,81,85
69	-1,0.879703,12,22,42,46,55,72,88
7	-1,0.994991,12,21,38,57,93
70	-1,1.201552,20,63,99
71	-1,1.502484,15,16,45,84,97
72	-1,1.923350,10,49,51,92,93,95
73	-1,0.536934,41,50,51,84,92
74	-1,0.427364,35,54,84
75	-1,0.434414,29,34,37,51,54,65,85,91
76	-1,0.893048,9
77	-1,0.629475,0,5,32,37,40,41,44,69,79,83,85,86,87
78	-1,1.629790,13,19,34,82
79	-1,0.956350,0,26,43,74,90
8	-1,0.343786,13,41,59,87
80	-1,1.178780,31,79
81	-1,0.585339,5,21,26,78,93,96
82	-1,0.676099,2,23,24,32,52,53
83	-1,1.266559,1,4,10,18,27,29,70
84	-1,1.057913,9,21
85	-1,0.691908,32,54,57,64,69,90,99
86	-1,1.326426,11,60,71,95
87	-1,0.478675,8,19,20,27,30,47,54,63
88	-1,1.265748,21,26,44,50,55,82
89	-1,0.552801,16,32,35,38,40,57,58
9	-1,1.660715,33,39,41,43,51,69,80
90	-1,0.910040,1,26,52,93,96
91	-1,0.743752,12,24,66,81,95
92	-1,1.605301,22,34,39,57
93	-1,0.953287,15,43,66,75
94	-1,1.051003,4,17,20,90
95	-1,1.384527,76,88
96	-1,0.808697,12,13,24,31,60,74
97	-1,1.066931,37,50,62,89
98	-1,1.120604,5,13,15,28,49,66,92,94
99	-1,1.173495,1,83
21	-1,8.748436
99	1.172713
