0	0.736400
1	1.224091
10	0.891149
11	0.647718
12	0.995416
13	0.907358
14	0.330016
15	1.207933
16	0.620242
17	0.552251
18	1.009893
19	0.882256
2	1.015109
20	1.143953
21	8.610576
22	1.043085
23	0.569573
24	1.017717
25	0.813294
26	0.829678
27	1.329967
28	0.875991
29	0.863743
3	0.743245
30	0.868064
31	2.131016
32	0.974685
33	0.994367
34	0.967691
35	0.493073
36	0.769363
37	1.314231
38	1.158798
39	1.126359
4	0.740736
40	0.724740
41	0.945677
42	0.572817
43	0.910257
44	0.628463
45	1.440352
46	0.817604
47	0.510241
49	1.142576
5	0.480609
50	0.828235
51	0.925021
52	0.834843
53	0.602282
54	0.679544
55	0.681716
56	0.540817
57	0.813397
58	0.861961
59	0.502799
6	0.686076
60	0.547624
61	0.701884
62	1.010442
63	1.725172
64	1.007830
65	0.988958
66	1.009618
67	0.694146
68	0.886937
69	0.881165
7	0.996813
70	1.203824
71	1.505424
72	1.927129
73	0.537698
74	0.427936
75	0.435014
76	0.894710
77	0.630444
78	1.632861
79	0.958060
8	0.344156
80	1.180900
81	0.586194
82	0.677292
83	1.268890
84	1.059790
85	0.693062
86	1.328942
87	0.479293
88	1.268189
89	0.553660
9	1.663921
90	0.911688
91	0.744939
92	1.608331
93	0.955026
94	1.052914
95	1.387186
96	0.810024
97	1.068991
98	1.122517
0	-1,0.737206,1,15,66,96
1	-1,1.225563,37,72
10	-1,0.892170,4,6,38,67,78,80
11	-1,0.648435,6,28,40,49,51,67,89
12	-1,0.996485,24,28,50,55,67,85,98
13	-1,0.908357,25,32,33,35,76
14	-1,0.330229,36,39,44,62,98
15	-1,1.209392,47,70,79,95,97
16	-1,0.620909,45,52,67,80
17	-1,0.552778,18,39,41,53,63,72,79,99
18	-1,1.011044,52,61,62,87
19	-1,0.883264,27,33,37,45,92
2	-1,1.016268,31,63
20	-1,1.145308,7,94
22	-1,1.044311,25,65,72,83,97
23	-1,0.570147,92,99
24	-1,1.018820,9,10,18,38,55,93,94
25	-1,0.814182,63
26	-1,0.830609,15,23,28,64
27	-1,1.331554,32,68,70,92
28	-1,0.876966,21,25,72
29	-1,0.864754,18,23,31,36,86
3	-1,0.744091,30,42,45,86
30	-1,0.869011,80,84,95
31	-1,2.133745,29,36,46,49,54,62,70,85
32	-1,0.975787,2,3,6,27,47,69,71,91
33	-1,0.995547,2,56,58,86
34	-1,0.968854,0,7,77,78
35	-1,0.493483,12,18,62,64,65,66,83,91
36	-1,0.770183,12,20,30,34,61,75,77,99
37	-1,1.315837,40,59,71,97
38	-1,1.160134,30,41,98
39	-1,1.127729,31,43,68,71,92
4	-1,0.741569,24,42,46,86
40	-1,0.725534,7,71,72,73
41	-1,0.946713,44,45,49,66
42	-1,0.573382,36,45,70,89,99
43	-1,0.911353,4,21,24,56,67,68,80,86,90
44	-1,0.629088,17,37,38
45	-1,1.442106,18,53,58,83,86,90
46	-1,0.818536,78
47	-1,0.510728,5,14,52,70,73
49	-1,1.143980,2,29,31,39,84
5	-1,0.481010,2,9,24,50,61,81,98
50	-1,0.829159,0,20,46,68
51	-1,0.926100,38,45,61,71
52	-1,0.835754,27,31,64,91
53	-1,0.602893,2,13,65,78,95
54	-1,0.680227,12,69,77
55	-1,0.682438,10,19,22,25,51,58,62
56	-1,0.541355,29,36,80,96,98
57	-1,0.814329,86,94,96,98
58	-1,0.862926,16,38,71,73,78
59	-1,0.503269,10,24,69,92
6	-1,0.686792,15,22,58,80
60	-1,0.548187,14,49,53,56,65
61	-1,0.702612,6,9,18,20,99
62	-1,1.011625,11,22,33,91
63	-1,1.727282,3,64,65,72
64	-1,1.008996,3,27,28,31,33,39,78
65	-1,0.990084,27,88
66	-1,1.010741,8,19,72,81,83,98
67	-1,0.694872,2,26,30,31,32,45
68	-1,0.887978,1,6,19,28,40,81,85
69	-1,0.882116,12,22,42,46,55,72,88
7	-1,0.997999,12,21,38,57,93
70	-1,1.205306,20,63,99
71	-1,1.507337,15,16,45,84,97
72	-1,1.929591,10,49,51,92,93,95
73	-1,0.538192,41,50,51,84,92
74	-1,0.428309,35,54,84
75	-1,0.435405,29,34,37,51,54,65,85,91
76	-1,0.895793,9
77	-1,0.631074,0,5,32,37,40,41,44,69,79,83,85,86,87
78	-1,1.634858,13,19,34,82
79	-1,0.959175,0,26,43,74,90
8	-1,0.344398,13,41,59,87
80	-1,1.182281,31,79
81	-1,0.586750,5,21,26,78,93,96
82	-1,0.678071,2,23,24,32,52,53
83	-1,1.270406,1,4,10,18,27,29,70
84	-1,1.061012,9,21
85	-1,0.693816,32,54,57,64,69,90,99
86	-1,1.330581,11,60,71,95
87	-1,0.479696,8,19,20,27,30,47,54,63
88	-1,1.269779,21,26,44,50,55,82
89	-1,0.554219,16,32,35,38,40,57,58
9	-1,1.666006,33,39,41,43,51,69,80
90	-1,0.912761,1,26,52,93,96
91	-1,0.745711,12,24,66,81,95
92	-1,1.610304,22,34,39,57
93	-1,0.956154,15,43,66,75
94	-1,1.054159,4,17,20,90
95	-1,1.388917,76,88
96	-1,0.810886,12,13,24,31,60,74
97	-1,1.070335,37,50,62,89
98	-1,1.123764,5,13,15,28,49,66,92,94
99	-1,1.176884,1,83
21	-1,8.520508
99	1.175548
