0	0.733266
1	1.218364
10	0.887177
11	0.644935
12	0.991256
13	0.903481
14	0.329186
15	1.202266
16	0.617651
17	0.550198
18	1.005422
19	0.878349
2	1.010593
20	1.138680
21	8.957667
22	1.038318
23	0.567342
24	1.013428
25	0.809846
26	0.826059
27	1.323795
28	0.872202
29	0.859810
3	0.739959
30	0.864387
31	2.120404
32	0.970407
33	0.989783
34	0.963170
35	0.491477
36	0.766176
37	1.307992
38	1.153597
39	1.121038
4	0.737496
40	0.721656
41	0.941657
42	0.570622
43	0.906000
44	0.626035
45	1.433539
46	0.813983
47	0.508347
49	1.137120
5	0.479051
50	0.824638
51	0.920823
52	0.831305
53	0.599912
54	0.676887
55	0.678904
56	0.538727
57	0.809770
58	0.858210
59	0.500976
6	0.683293
60	0.545438
61	0.699049
62	1.005853
63	1.716965
64	1.003300
65	0.984581
66	1.005256
67	0.691327
68	0.882893
69	0.877465
7	0.992202
70	1.198068
71	1.497983
72	1.917560
73	0.535766
74	0.426486
75	0.433494
76	0.890502
77	0.627992
78	1.625092
79	0.953730
8	0.343218
80	1.175533
81	0.584030
82	0.674271
83	1.262994
84	1.055039
85	0.690138
86	1.322572
87	0.477728
88	1.262009
89	0.551483
9	1.655805
90	0.907518
91	0.741935
92	1.600662
93	0.950630
94	1.048076
95	1.380457
96	0.806668
97	1.063773
98	1.117671
0	-1,0.733459,1,15,66,96
1	-1,1.218715,37,72
10	-1,0.887422,4,6,38,67,78,80
11	-1,0.645105,6,28,40,49,51,67,89
12	-1,0.991511,24,28,50,55,67,85,98
13	-1,0.903719,25,32,33,35,76
14	-1,0.329238,36,39,44,62,98
15	-1,1.202615,47,70,79,95,97
16	-1,0.617811,45,52,67,80
17	-1,0.550324,18,39,41,53,63,72,79,99
18	-1,1.005698,52,61,62,87
19	-1,0.878590,27,33,37,45,92
2	-1,1.010871,31,63
20	-1,1.139005,7,94
22	-1,1.038610,25,65,72,83,97
23	-1,0.567480,92,99
24	-1,1.013694,9,10,18,38,55,93,94
25	-1,0.810058,63
26	-1,0.826281,15,23,28,64
27	-1,1.324173,32,68,70,92
28	-1,0.872436,21,25,72
29	-1,0.860053,18,23,31,36,86
3	-1,0.740162,30,42,45,86
30	-1,0.864613,80,84,95
31	-1,2.121057,29,36,46,49,54,62,70,85
32	-1,0.970671,2,3,6,27,47,69,71,91
33	-1,0.990064,2,56,58,86
34	-1,0.963448,0,7,77,78
35	-1,0.491576,12,18,62,64,65,66,83,91
36	-1,0.766373,12,20,30,34,61,75,77,99
37	-1,1.308377,40,59,71,97
38	-1,1.153919,30,41,98
39	-1,1.121365,31,43,68,71,92
4	-1,0.737696,24,42,46,86
40	-1,0.721845,7,71,72,73
41	-1,0.941902,44,45,49,66
42	-1,0.570757,36,45,70,89,99
43	-1,0.906262,4,21,24,56,67,68,80,86,90
44	-1,0.626184,17,37,38
45	-1,1.433961,18,53,58,83,86,90
46	-1,0.814206,78
47	-1,0.508464,5,14,52,70,73
49	-1,1.137457,2,29,31,39,84
5	-1,0.479146,2,9,24,50,61,81,98
50	-1,0.824860,0,20,46,68
51	-1,0.921081,38,45,61,71
52	-1,0.831523,27,31,64,91
53	-1,0.600058,2,13,65,78,95
54	-1,0.677051,12,69,77
55	-1,0.679077,10,19,22,25,51,58,62
56	-1,0.538857,29,36,80,96,98
57	-1,0.809994,86,94,96,98
58	-1,0.858442,16,38,71,73,78
59	-1,0.501088,10,24,69,92
6	-1,0.683465,15,22,58,80
60	-1,0.545571,14,49,53,56,65
61	-1,0.699225,6,9,18,20,99
62	-1,1.006137,11,22,33,91
63	-1,1.717468,3,64,65,72
64	-1,1.003580,3,27,28,31,33,39,78
65	-1,0.984851,27,88
66	-1,1.005524,8,19,72,81,83,98
67	-1,0.691501,2,26,30,31,32,45
68	-1,0.883143,1,6,19,28,40,81,85
69	-1,0.877692,12,22,42,46,55,72,88
7	-1,0.992485,12,21,38,57,93
70	-1,1.198424,20,63,99
71	-1,1.498441,15,16,45,84,97
72	-1,1.918150,10,49,51,92,93,95
73	-1,0.535886,41,50,51,84,92
74	-1,0.426576,35,54,84
75	-1,0.433587,29,34,37,51,54,65,85,91
76	-1,0.890762,9
77	-1,0.628142,0,5,32,37,40,41,44,69,79,83,85,86,87
78	-1,1.625568,13,19,34,82
79	-1,0.953996,0,26,43,74,90
8	-1,0.343276,13,41,59,87
80	-1,1.175863,31,79
81	-1,0.584164,5,21,26,78,93,96
82	-1,0.674458,2,23,24,32,52,53
83	-1,1.263356,1,4,10,18,27,29,70
84	-1,1.055332,9,21
85	-1,0.690318,32,54,57,64,69,90,99
86	-1,1.322966,11,60,71,95
87	-1,0.477824,8,19,20,27,30,47,54,63
88	-1,1.262389,21,26,44,50,55,82
89	-1,0.551617,16,32,35,38,40,57,58
9	-1,1.656305,33,39,41,43,51,69,80
90	-1,0.907776,1,26,52,93,96
91	-1,0.742119,12,24,66,81,95
92	-1,1.601134,22,34,39,57
93	-1,0.950900,15,43,66,75
94	-1,1.048373,4,17,20,90
95	-1,1.380870,76,88
96	-1,0.806873,12,13,24,31,60,74
97	-1,1.064094,37,50,62,89
98	-1,1.117971,5,13,15,28,49,66,92,94
99	-1,1.170673,1,83
21	-1,8.936531
99	1.170354
