0	0.742333
1	1.234968
10	0.898671
11	0.652995
12	1.003327
13	0.914731
14	0.331592
15	1.218685
16	0.625153
17	0.556144
18	1.018374
19	0.889668
2	1.023673
20	1.153937
21	7.942500
22	1.052119
23	0.573802
24	1.025850
25	0.819830
26	0.836546
27	1.341685
28	0.883170
29	0.871195
3	0.749486
30	0.875034
31	2.151186
32	0.982811
33	1.003070
34	0.976271
35	0.496103
36	0.775401
37	1.326084
38	1.168667
39	1.136465
4	0.746885
40	0.730593
41	0.953322
42	0.576987
43	0.918349
44	0.633082
45	1.453268
46	0.824472
47	0.513839
49	1.152916
5	0.483562
50	0.835065
51	0.932982
52	0.841564
53	0.606784
54	0.684571
55	0.687053
56	0.544787
57	0.820271
58	0.869078
59	0.506266
6	0.691345
60	0.551769
61	0.707266
62	1.019143
63	1.740731
64	1.016432
65	0.997263
66	1.017905
67	0.699495
68	0.894628
69	0.888189
7	1.005569
70	1.214768
71	1.519545
72	1.945312
73	0.541357
74	0.430681
75	0.437909
76	0.902706
77	0.635099
78	1.647560
79	0.966313
8	0.345932
80	1.191088
81	0.590292
82	0.683045
83	1.280083
84	1.068808
85	0.698595
86	1.341040
87	0.482267
88	1.279934
89	0.557786
9	1.679331
90	0.919591
91	0.750639
92	1.622901
93	0.963362
94	1.062107
95	1.399958
96	0.816397
97	1.078897
98	1.131711
0	-1,0.744312,1,15,66,96
1	-1,1.238614,37,72
10	-1,0.901185,4,6,38,67,78,80
11	-1,0.654749,6,28,40,49,51,67,89
12	-1,1.005909,24,28,50,55,67,85,98
13	-1,0.917154,25,32,33,35,76
14	-1,0.332123,36,39,44,62,98
15	-1,1.222284,47,70,79,95,97
16	-1,0.626787,45,52,67,80
17	-1,0.557472,18,39,41,53,63,72,79,99
18	-1,1.021190,52,61,62,87
19	-1,0.892109,27,33,37,45,92
2	-1,1.026508,31,63
20	-1,1.157302,7,94
22	-1,1.055111,25,65,72,83,97
23	-1,0.575213,92,99
24	-1,1.028513,9,10,18,38,55,93,94
25	-1,0.821992,63
26	-1,0.838826,15,23,28,64
27	-1,1.345638,32,68,70,92
28	-1,0.885559,21,25,72
29	-1,0.873670,18,23,31,36,86
3	-1,0.751542,30,42,45,86
30	-1,0.877365,80,84,95
31	-1,2.157775,29,36,46,49,54,62,70,85
32	-1,0.985480,2,3,6,27,47,69,71,91
33	-1,1.005967,2,56,58,86
34	-1,0.979093,0,7,77,78
35	-1,0.497105,12,18,62,64,65,66,83,91
36	-1,0.777409,12,20,30,34,61,75,77,99
37	-1,1.330018,40,59,71,97
38	-1,1.171924,30,41,98
39	-1,1.139841,31,43,68,71,92
4	-1,0.748923,24,42,46,86
40	-1,0.732511,7,71,72,73
41	-1,0.955842,44,45,49,66
42	-1,0.578351,36,45,70,89,99
43	-1,0.920993,4,21,24,56,67,68,80,86,90
44	-1,0.634592,17,37,38
45	-1,1.457572,18,53,58,83,86,90
46	-1,0.826705,78
47	-1,0.515041,5,14,52,70,73
49	-1,1.156358,2,29,31,39,84
5	-1,0.484557,2,9,24,50,61,81,98
50	-1,0.837292,0,20,46,68
51	-1,0.935645,38,45,61,71
52	-1,0.843790,27,31,64,91
53	-1,0.608281,2,13,65,78,95
54	-1,0.686268,12,69,77
55	-1,0.688769,10,19,22,25,51,58,62
56	-1,0.546075,29,36,80,96,98
57	-1,0.822585,86,94,96,98
58	-1,0.871420,16,38,71,73,78
59	-1,0.507390,10,24,69,92
6	-1,0.693099,15,22,58,80
60	-1,0.553148,14,49,53,56,65
61	-1,0.708999,6,9,18,20,99
62	-1,1.022034,11,22,33,91
63	-1,1.745918,3,64,65,72
64	-1,1.019292,3,27,28,31,33,39,78
65	-1,1.000015,27,88
66	-1,1.020627,8,19,72,81,83,98
67	-1,0.701242,2,26,30,31,32,45
68	-1,0.897096,1,6,19,28,40,81,85
69	-1,0.890549,12,22,42,46,55,72,88
7	-1,1.008482,12,21,38,57,93
70	-1,1.218343,20,63,99
71	-1,1.524183,15,16,45,84,97
72	-1,1.951277,10,49,51,92,93,95
73	-1,0.542595,41,50,51,84,92
74	-1,0.431601,35,54,84
75	-1,0.438830,29,34,37,51,54,65,85,91
76	-1,0.905352,9
77	-1,0.636632,0,5,32,37,40,41,44,69,79,83,85,86,87
78	-1,1.652548,13,19,34,82
79	-1,0.968972,0,26,43,74,90
8	-1,0.346527,13,41,59,87
80	-1,1.194509,31,79
81	-1,0.591639,5,21,26,78,93,96
82	-1,0.684899,2,23,24,32,52,53
83	-1,1.283813,1,4,10,18,27,29,70
84	-1,1.071818,9,21
85	-1,0.700420,32,54,57,64,69,90,99
86	-1,1.345000,11,60,71,95
87	-1,0.483234,8,19,20,27,30,47,54,63
88	-1,1.283852,21,26,44,50,55,82
89	-1,0.559171,16,32,35,38,40,57,58
9	-1,1.684461,33,39,41,43,51,69,80
90	-1,0.922262,1,26,52,93,96
91	-1,0.752540,12,24,66,81,95
92	-1,1.627665,22,34,39,57
93	-1,0.966164,15,43,66,75
94	-1,1.065141,4,17,20,90
95	-1,1.404210,76,88
96	-1,0.818516,12,13,24,31,60,74
97	-1,1.082167,37,50,62,89
98	-1,1.134718,5,13,15,28,49,66,92,94
99	-1,1.188687,1,83
21	-1,7.719942
99	1.185393
