0	0.744312
1	1.238614
10	0.901185
11	0.654749
12	1.005909
13	0.917154
14	0.332123
15	1.222284
16	0.626787
17	0.557472
18	1.021190
19	0.892109
2	1.026508
20	1.157302
21	7.719942
22	1.055111
23	0.575213
24	1.028513
25	0.821992
26	0.838826
27	1.345638
28	0.885559
29	0.873670
3	0.751542
30	0.877365
31	2.157775
32	0.985480
33	1.005967
34	0.979093
35	0.497105
36	0.777409
37	1.330018
38	1.171924
39	1.139841
4	0.748923
40	0.732511
41	0.955842
42	0.578351
43	0.920993
44	0.634592
45	1.457572
46	0.826705
47	0.515041
49	1.156358
5	0.484557
50	0.837292
51	0.935645
52	0.843790
53	0.608281
54	0.686268
55	0.688769
56	0.546075
57	0.822585
58	0.871420
59	0.507390
6	0.693099
60	0.553148
61	0.708999
62	1.022034
63	1.745918
64	1.019292
65	1.000015
66	1.020627
67	0.701242
68	0.897096
69	0.890549
7	1.008482
70	1.218343
71	1.524183
72	1.951277
73	0.542595
74	0.431601
75	0.438830
76	0.905352
77	0.636632
78	1.652548
79	0.968972
8	0.346527
80	1.194509
81	0.591639
82	0.684899
83	1.283813
84	1.071818
85	0.700420
86	1.345000
87	0.483234
88	1.283852
89	0.559171
9	1.684461
90	0.922262
91	0.752540
92	1.627665
93	0.966164
94	1.065141
95	1.404210
96	0.818516
97	1.082167
98	1.134718
0	-1,0.746749,1,15,66,96
1	-1,1.242881,37,72
10	-1,0.904058,4,6,38,67,78,80
11	-1,0.656833,6,28,40,49,51,67,89
12	-1,1.008900,24,28,50,55,67,85,98
13	-1,0.920048,25,32,33,35,76
14	-1,0.332763,36,39,44,62,98
15	-1,1.226547,47,70,79,95,97
16	-1,0.628789,45,52,67,80
17	-1,0.558956,18,39,41,53,63,72,79,99
18	-1,1.024506,52,61,62,87
19	-1,0.895053,27,33,37,45,92
2	-1,1.029882,31,63
20	-1,1.161232,7,94
22	-1,1.058641,25,65,72,83,97
23	-1,0.576876,92,99
24	-1,1.031824,9,10,18,38,55,93,94
25	-1,0.824614,63
26	-1,0.841580,15,23,28,64
27	-1,1.350114,32,68,70,92
28	-1,0.888414,21,25,72
29	-1,0.876604,18,23,31,36,86
3	-1,0.754092,30,42,45,86
30	-1,0.880147,80,84,95
31	-1,2.165698,29,36,46,49,54,62,70,85
32	-1,0.988744,2,3,6,27,47,69,71,91
33	-1,1.009265,2,56,58,86
34	-1,0.982501,0,7,77,78
35	-1,0.498307,12,18,62,64,65,66,83,91
36	-1,0.779796,12,20,30,34,61,75,77,99
37	-1,1.334630,40,59,71,97
38	-1,1.175800,30,41,98
39	-1,1.143657,31,43,68,71,92
4	-1,0.751344,24,42,46,86
40	-1,0.734951,7,71,72,73
41	-1,0.958850,44,45,49,66
42	-1,0.580026,36,45,70,89,99
43	-1,0.924164,4,21,24,56,67,68,80,86,90
44	-1,0.636453,17,37,38
45	-1,1.462680,18,53,58,83,86,90
46	-1,0.829544,78
47	-1,0.516463,5,14,52,70,73
49	-1,1.160489,2,29,31,39,84
5	-1,0.485665,2,9,24,50,61,81,98
50	-1,0.839969,0,20,46,68
51	-1,0.938655,38,45,61,71
52	-1,0.846488,27,31,64,91
53	-1,0.610141,2,13,65,78,95
54	-1,0.688224,12,69,77
55	-1,0.690924,10,19,22,25,51,58,62
56	-1,0.547684,29,36,80,96,98
57	-1,0.825234,86,94,96,98
58	-1,0.874226,16,38,71,73,78
59	-1,0.508794,10,24,69,92
6	-1,0.695292,15,22,58,80
60	-1,0.554846,14,49,53,56,65
61	-1,0.711205,6,9,18,20,99
62	-1,1.025456,11,22,33,91
63	-1,1.752007,3,64,65,72
64	-1,1.022709,3,27,28,31,33,39,78
65	-1,1.003443,27,88
66	-1,1.023900,8,19,72,81,83,98
67	-1,0.703407,2,26,30,31,32,45
68	-1,0.900180,1,6,19,28,40,81,85
69	-1,0.893083,12,22,42,46,55,72,88
7	-1,1.012087,12,21,38,57,93
70	-1,1.222701,20,63,99
71	-1,1.529866,15,16,45,84,97
72	-1,1.958502,10,49,51,92,93,95
73	-1,0.543991,41,50,51,84,92
74	-1,0.432724,35,54,84
75	-1,0.440025,29,34,37,51,54,65,85,91
76	-1,0.908564,9
77	-1,0.638455,0,5,32,37,40,41,44,69,79,83,85,86,87
78	-1,1.658249,13,19,34,82
79	-1,0.972304,0,26,43,74,90
8	-1,0.347208,13,41,59,87
80	-1,1.198409,31,79
81	-1,0.593302,5,21,26,78,93,96
82	-1,0.687210,2,23,24,32,52,53
83	-1,1.288179,1,4,10,18,27,29,70
84	-1,1.075317,9,21
85	-1,0.702720,32,54,57,64,69,90,99
86	-1,1.349831,11,60,71,95
87	-1,0.484460,8,19,20,27,30,47,54,63
88	-1,1.288389,21,26,44,50,55,82
89	-1,0.560756,16,32,35,38,40,57,58
9	-1,1.690737,33,39,41,43,51,69,80
90	-1,0.925360,1,26,52,93,96
91	-1,0.754736,12,24,66,81,95
92	-1,1.633451,22,34,39,57
93	-1,0.969301,15,43,66,75
94	-1,1.068910,4,17,20,90
95	-1,1.409278,76,88
96	-1,0.821004,12,13,24,31,60,74
97	-1,1.086159,37,50,62,89
98	-1,1.138466,5,13,15,28,49,66,92,94
99	-1,1.192680,1,83
21	-1,7.453300
99	1.188687
