0	0.760376
1	1.270810
10	0.924370
11	0.671871
12	1.028354
13	0.937069
14	0.335149
15	1.254029
16	0.638097
17	0.570854
18	1.043955
19	0.914342
2	1.049224
20	1.188057
21	5.744584
22	1.082564
23	0.589821
24	1.057378
25	0.842008
26	0.858312
27	1.375137
28	0.907736
29	0.893404
3	0.774702
30	0.895583
31	2.219449
32	1.010428
33	1.035381
34	1.002562
35	0.504489
36	0.794895
37	1.362167
38	1.200308
39	1.172546
4	0.766632
40	0.748735
41	0.981116
42	0.589684
43	0.949581
44	0.644730
45	1.487095
46	0.847581
47	0.525128
49	1.182042
5	0.494025
50	0.855287
51	0.960288
52	0.863868
53	0.618934
54	0.699010
55	0.703091
56	0.552552
57	0.840036
58	0.888472
59	0.519094
6	0.709966
60	0.567843
61	0.726869
62	1.047559
63	1.804390
64	1.049252
65	1.026058
66	1.045750
67	0.713402
68	0.921006
69	0.915875
7	1.037163
70	1.251502
71	1.568318
72	2.006085
73	0.554222
74	0.438981
75	0.449546
76	0.929147
77	0.649585
78	1.693145
79	0.991297
8	0.353170
80	1.224153
81	0.607517
82	0.699131
83	1.317305
84	1.092397
85	0.716384
86	1.375805
87	0.495422
88	1.312821
89	0.570826
9	1.721840
90	0.941528
91	0.767419
92	1.672108
93	0.989509
94	1.095380
95	1.442859
96	0.837148
97	1.108151
98	1.162467
0	-1,0.762210,1,15,66,96
1	-1,1.270997,37,72
10	-1,0.939010,4,6,38,67,78,80
11	-1,0.670380,6,28,40,49,51,67,89
12	-1,1.039037,24,28,50,55,67,85,98
13	-1,0.948423,25,32,33,35,76
14	-1,0.333588,36,39,44,62,98
15	-1,1.257101,47,70,79,95,97
16	-1,0.630897,45,52,67,80
17	-1,0.575370,18,39,41,53,63,72,79,99
18	-1,1.064751,52,61,62,87
19	-1,0.928233,27,33,37,45,92
2	-1,1.069544,31,63
20	-1,1.205679,7,94
22	-1,1.094664,25,65,72,83,97
23	-1,0.586794,92,99
24	-1,1.054434,9,10,18,38,55,93,94
25	-1,0.855893,63
26	-1,0.871826,15,23,28,64
27	-1,1.402007,32,68,70,92
28	-1,0.911194,21,25,72
29	-1,0.905808,18,23,31,36,86
3	-1,0.766706,30,42,45,86
30	-1,0.903400,80,84,95
31	-1,2.229970,29,36,46,49,54,62,70,85
32	-1,1.019404,2,3,6,27,47,69,71,91
33	-1,1.030306,2,56,58,86
34	-1,1.009642,0,7,77,78
35	-1,0.505564,12,18,62,64,65,66,83,91
36	-1,0.797343,12,20,30,34,61,75,77,99
37	-1,1.377409,40,59,71,97
38	-1,1.209387,30,41,98
39	-1,1.179144,31,43,68,71,92
4	-1,0.778880,24,42,46,86
40	-1,0.753888,7,71,72,73
41	-1,0.977010,44,45,49,66
42	-1,0.599970,36,45,70,89,99
43	-1,0.939569,4,21,24,56,67,68,80,86,90
44	-1,0.658770,17,37,38
45	-1,1.498984,18,53,58,83,86,90
46	-1,0.850335,78
47	-1,0.531027,5,14,52,70,73
49	-1,1.195231,2,29,31,39,84
5	-1,0.502520,2,9,24,50,61,81,98
50	-1,0.865353,0,20,46,68
51	-1,0.964099,38,45,61,71
52	-1,0.866853,27,31,64,91
53	-1,0.617769,2,13,65,78,95
54	-1,0.707006,12,69,77
55	-1,0.712446,10,19,22,25,51,58,62
56	-1,0.560401,29,36,80,96,98
57	-1,0.849782,86,94,96,98
58	-1,0.904391,16,38,71,73,78
59	-1,0.528423,10,24,69,92
6	-1,0.715137,15,22,58,80
60	-1,0.558086,14,49,53,56,65
61	-1,0.729756,6,9,18,20,99
62	-1,1.053352,11,22,33,91
63	-1,1.830617,3,64,65,72
64	-1,1.049054,3,27,28,31,33,39,78
65	-1,1.020375,27,88
66	-1,1.059249,8,19,72,81,83,98
67	-1,0.721214,2,26,30,31,32,45
68	-1,0.931951,1,6,19,28,40,81,85
69	-1,0.916153,12,22,42,46,55,72,88
7	-1,1.031032,12,21,38,57,93
70	-1,1.263820,20,63,99
71	-1,1.562659,15,16,45,84,97
72	-1,2.024926,10,49,51,92,93,95
73	-1,0.547259,41,50,51,84,92
74	-1,0.439618,35,54,84
75	-1,0.445620,29,34,37,51,54,65,85,91
76	-1,0.925019,9
77	-1,0.654091,0,5,32,37,40,41,44,69,79,83,85,86,87
78	-1,1.701152,13,19,34,82
79	-1,0.995132,0,26,43,74,90
8	-1,0.359505,13,41,59,87
80	-1,1.232211,31,79
81	-1,0.611525,5,21,26,78,93,96
82	-1,0.709909,2,23,24,32,52,53
83	-1,1.323129,1,4,10,18,27,29,70
84	-1,1.111665,9,21
85	-1,0.716971,32,54,57,64,69,90,99
86	-1,1.402511,11,60,71,95
87	-1,0.499854,8,19,20,27,30,47,54,63
88	-1,1.324496,21,26,44,50,55,82
89	-1,0.565754,16,32,35,38,40,57,58
9	-1,1.771628,33,39,41,43,51,69,80
90	-1,0.957048,1,26,52,93,96
91	-1,0.783938,12,24,66,81,95
92	-1,1.689420,22,34,39,57
93	-1,1.010957,15,43,66,75
94	-1,1.102128,4,17,20,90
95	-1,1.453917,76,88
96	-1,0.845709,12,13,24,31,60,74
97	-1,1.117303,37,50,62,89
98	-1,1.170351,5,13,15,28,49,66,92,94
99	-1,1.228966,1,83
21	-1,5.089028
99	1.216434
