NodeId:24	-1,1.020138,9,10,18,38,55,93,94
NodeId:25	-1,0.815242,63
NodeId:26	-1,0.83172,15,23,28,64
NodeId:27	-1,1.333454,32,68,70,92
NodeId:20	-1,1.146931,7,94
NodeId:21	-1,8.412571
NodeId:22	-1,1.045777,25,65,72,83,97
NodeId:23	-1,0.570832,92,99
NodeId:28	-1,0.878131,21,25,72
NodeId:29	-1,0.865963,18,23,31,36,86
NodeId:0	-1,0.73817,1,15,66,96
NodeId:4	-1,0.742566,24,42,46,86
NodeId:8	-1,0.344686,13,41,59,87
NodeId:59	-1,0.503829,10,24,69,92
NodeId:58	-1,0.864077,16,38,71,73,78
NodeId:55	-1,0.683302,10,19,22,25,51,58,62
NodeId:54	-1,0.681042,12,69,77
NodeId:57	-1,0.815445,86,94,96,98
NodeId:56	-1,0.541997,29,36,80,96,98
NodeId:51	-1,0.92739,38,45,61,71
NodeId:50	-1,0.830264,0,20,46,68
NodeId:53	-1,0.603619,2,13,65,78,95
NodeId:52	-1,0.836841,27,31,64,91
NodeId:88	-1,1.27168,21,26,44,50,55,82
NodeId:89	-1,0.554889,16,32,35,38,40,57,58
NodeId:82	-1,0.678999,2,23,24,32,52,53
NodeId:83	-1,1.272222,1,4,10,18,27,29,70
NodeId:80	-1,1.183933,31,79
NodeId:81	-1,0.587415,5,21,26,78,93,96
NodeId:86	-1,1.33254,11,60,71,95
NodeId:87	-1,0.480179,8,19,20,27,30,47,54,63
NodeId:84	-1,1.062472,9,21
NodeId:85	-1,0.694714,32,54,57,64,69,90,99
NodeId:3	-1,0.745102,30,42,45,86
NodeId:7	-1,0.999417,12,21,38,57,93
NodeId:39	-1,1.129366,31,43,68,71,92
NodeId:38	-1,1.161735,30,41,98
NodeId:33	-1,0.996956,2,56,58,86
NodeId:32	-1,0.9771,2,3,6,27,47,69,71,91
NodeId:31	-1,2.137014,29,36,46,49,54,62,70,85
NodeId:30	-1,0.870141,80,84,95
NodeId:37	-1,1.317757,40,59,71,97
NodeId:36	-1,0.771164,12,20,30,34,61,75,77,99
NodeId:35	-1,0.493973,12,18,62,64,65,66,83,91
NodeId:34	-1,0.970245,0,7,77,78
NodeId:60	-1,0.54886,14,49,53,56,65
NodeId:61	-1,0.703484,6,9,18,20,99
NodeId:62	-1,1.013035,11,22,33,91
NodeId:63	-1,1.729808,3,64,65,72
NodeId:64	-1,1.010389,3,27,28,31,33,39,78
NodeId:65	-1,0.991429,27,88
NodeId:66	-1,1.012084,8,19,72,81,83,98
NodeId:67	-1,0.695739,2,26,30,31,32,45
NodeId:68	-1,0.889223,1,6,19,28,40,81,85
NodeId:69	-1,0.883256,12,22,42,46,55,72,88
NodeId:2	-1,1.017654,31,63
NodeId:6	-1,0.687648,15,22,58,80
NodeId:99	-1,1.178481,1,83
NodeId:98	-1,1.125255,5,13,15,28,49,66,92,94
NodeId:91	-1,0.746635,12,24,66,81,95
NodeId:90	-1,0.914042,1,26,52,93,96
NodeId:93	-1,0.957506,15,43,66,75
NodeId:92	-1,1.612664,22,34,39,57
NodeId:95	-1,1.390987,76,88
NodeId:94	-1,1.055647,4,17,20,90
NodeId:97	-1,1.07194,37,50,62,89
NodeId:96	-1,0.81192,12,13,24,31,60,74
NodeId:11	-1,0.649291,6,28,40,49,51,67,89
NodeId:10	-1,0.89339,4,6,38,67,78,80
NodeId:13	-1,0.909551,25,32,33,35,76
NodeId:12	-1,0.997768,24,28,50,55,67,85,98
NodeId:15	-1,1.211136,47,70,79,95,97
NodeId:14	-1,0.330483,36,39,44,62,98
NodeId:17	-1,0.553411,18,39,41,53,63,72,79,99
NodeId:16	-1,0.621707,45,52,67,80
NodeId:19	-1,0.884464,27,33,37,45,92
NodeId:18	-1,1.012418,52,61,62,87
NodeId:49	-1,1.145657,2,29,31,39,84
NodeId:46	-1,0.81965,78
NodeId:47	-1,0.511312,5,14,52,70,73
NodeId:44	-1,0.629836,17,37,38
NodeId:45	-1,1.444201,18,53,58,83,86,90
NodeId:42	-1,0.574057,36,45,70,89,99
NodeId:43	-1,0.912663,4,21,24,56,67,68,80,86,90
NodeId:40	-1,0.726481,7,71,72,73
NodeId:41	-1,0.94795,44,45,49,66
NodeId:1	-1,1.227327,37,72
NodeId:5	-1,0.48149,2,9,24,50,61,81,98
NodeId:9	-1,1.668503,33,39,41,43,51,69,80
NodeId:77	-1,0.631831,0,5,32,37,40,41,44,69,79,83,85,86,87
NodeId:76	-1,0.897086,9
NodeId:75	-1,0.435875,29,34,37,51,54,65,85,91
NodeId:74	-1,0.428753,35,54,84
NodeId:73	-1,0.538787,41,50,51,84,92
NodeId:72	-1,1.932536,10,49,51,92,93,95
NodeId:71	-1,1.509628,15,16,45,84,97
NodeId:70	-1,1.207076,20,63,99
NodeId:79	-1,0.96051,0,26,43,74,90
NodeId:78	-1,1.63725,13,19,34,82
