NodeId:24	-1,1.013694,9,10,18,38,55,93,94
NodeId:25	-1,0.810058,63
NodeId:26	-1,0.826281,15,23,28,64
NodeId:27	-1,1.324173,32,68,70,92
NodeId:20	-1,1.139005,7,94
NodeId:21	-1,8.936531
NodeId:22	-1,1.03861,25,65,72,83,97
NodeId:23	-1,0.56748,92,99
NodeId:28	-1,0.872436,21,25,72
NodeId:29	-1,0.860053,18,23,31,36,86
NodeId:0	-1,0.733459,1,15,66,96
NodeId:4	-1,0.737696,24,42,46,86
NodeId:8	-1,0.343276,13,41,59,87
NodeId:59	-1,0.501088,10,24,69,92
NodeId:58	-1,0.858442,16,38,71,73,78
NodeId:55	-1,0.679077,10,19,22,25,51,58,62
NodeId:54	-1,0.677051,12,69,77
NodeId:57	-1,0.809994,86,94,96,98
NodeId:56	-1,0.538857,29,36,80,96,98
NodeId:51	-1,0.921081,38,45,61,71
NodeId:50	-1,0.82486,0,20,46,68
NodeId:53	-1,0.600058,2,13,65,78,95
NodeId:52	-1,0.831523,27,31,64,91
NodeId:88	-1,1.262389,21,26,44,50,55,82
NodeId:89	-1,0.551617,16,32,35,38,40,57,58
NodeId:82	-1,0.674458,2,23,24,32,52,53
NodeId:83	-1,1.263356,1,4,10,18,27,29,70
NodeId:80	-1,1.175863,31,79
NodeId:81	-1,0.584164,5,21,26,78,93,96
NodeId:86	-1,1.322966,11,60,71,95
NodeId:87	-1,0.477824,8,19,20,27,30,47,54,63
NodeId:84	-1,1.055332,9,21
NodeId:85	-1,0.690318,32,54,57,64,69,90,99
NodeId:3	-1,0.740162,30,42,45,86
NodeId:7	-1,0.992485,12,21,38,57,93
NodeId:39	-1,1.121365,31,43,68,71,92
NodeId:38	-1,1.153919,30,41,98
NodeId:33	-1,0.990064,2,56,58,86
NodeId:32	-1,0.970671,2,3,6,27,47,69,71,91
NodeId:31	-1,2.121057,29,36,46,49,54,62,70,85
NodeId:30	-1,0.864613,80,84,95
NodeId:37	-1,1.308377,40,59,71,97
NodeId:36	-1,0.766373,12,20,30,34,61,75,77,99
NodeId:35	-1,0.491576,12,18,62,64,65,66,83,91
NodeId:34	-1,0.963448,0,7,77,78
NodeId:60	-1,0.545571,14,49,53,56,65
NodeId:61	-1,0.699225,6,9,18,20,99
NodeId:62	-1,1.006137,11,22,33,91
NodeId:63	-1,1.717468,3,64,65,72
NodeId:64	-1,1.00358,3,27,28,31,33,39,78
NodeId:65	-1,0.984851,27,88
NodeId:66	-1,1.005524,8,19,72,81,83,98
NodeId:67	-1,0.691501,2,26,30,31,32,45
NodeId:68	-1,0.883143,1,6,19,28,40,81,85
NodeId:69	-1,0.877692,12,22,42,46,55,72,88
NodeId:2	-1,1.010871,31,63
NodeId:6	-1,0.683465,15,22,58,80
NodeId:99	-1,1.170673,1,83
NodeId:98	-1,1.117971,5,13,15,28,49,66,92,94
NodeId:91	-1,0.742119,12,24,66,81,95
NodeId:90	-1,0.907776,1,26,52,93,96
NodeId:93	-1,0.9509,15,43,66,75
NodeId:92	-1,1.601134,22,34,39,57
NodeId:95	-1,1.38087,76,88
NodeId:94	-1,1.048373,4,17,20,90
NodeId:97	-1,1.064094,37,50,62,89
NodeId:96	-1,0.806873,12,13,24,31,60,74
NodeId:11	-1,0.645105,6,28,40,49,51,67,89
NodeId:10	-1,0.887422,4,6,38,67,78,80
NodeId:13	-1,0.903719,25,32,33,35,76
NodeId:12	-1,0.991511,24,28,50,55,67,85,98
NodeId:15	-1,1.202615,47,70,79,95,97
NodeId:14	-1,0.329238,36,39,44,62,98
NodeId:17	-1,0.550324,18,39,41,53,63,72,79,99
NodeId:16	-1,0.617811,45,52,67,80
NodeId:19	-1,0.87859,27,33,37,45,92
NodeId:18	-1,1.005698,52,61,62,87
NodeId:49	-1,1.137457,2,29,31,39,84
NodeId:46	-1,0.814206,78
NodeId:47	-1,0.508464,5,14,52,70,73
NodeId:44	-1,0.626184,17,37,38
NodeId:45	-1,1.433961,18,53,58,83,86,90
NodeId:42	-1,0.570757,36,45,70,89,99
NodeId:43	-1,0.906262,4,21,24,56,67,68,80,86,90
NodeId:40	-1,0.721845,7,71,72,73
NodeId:41	-1,0.941902,44,45,49,66
NodeId:1	-1,1.218715,37,72
NodeId:5	-1,0.479146,2,9,24,50,61,81,98
NodeId:9	-1,1.656305,33,39,41,43,51,69,80
NodeId:77	-1,0.628142,0,5,32,37,40,41,44,69,79,83,85,86,87
NodeId:76	-1,0.890762,9
NodeId:75	-1,0.433587,29,34,37,51,54,65,85,91
NodeId:74	-1,0.426576,35,54,84
NodeId:73	-1,0.535886,41,50,51,84,92
NodeId:72	-1,1.91815,10,49,51,92,93,95
NodeId:71	-1,1.498441,15,16,45,84,97
NodeId:70	-1,1.198424,20,63,99
NodeId:79	-1,0.953996,0,26,43,74,90
NodeId:78	-1,1.625568,13,19,34,82
