0	0.738170
1	1.227327
10	0.893390
11	0.649291
12	0.997768
13	0.909551
14	0.330483
15	1.211136
16	0.621707
17	0.553411
18	1.012418
19	0.884464
2	1.017654
20	1.146931
21	8.412571
22	1.045777
23	0.570832
24	1.020138
25	0.815242
26	0.831720
27	1.333454
28	0.878131
29	0.865963
3	0.745102
30	0.870141
31	2.137014
32	0.977100
33	0.996956
34	0.970245
35	0.493973
36	0.771164
37	1.317757
38	1.161735
39	1.129366
4	0.742566
40	0.726481
41	0.947950
42	0.574057
43	0.912663
44	0.629836
45	1.444201
46	0.819650
47	0.511312
49	1.145657
5	0.481490
50	0.830264
51	0.927390
52	0.836841
53	0.603619
54	0.681042
55	0.683302
56	0.541997
57	0.815445
58	0.864077
59	0.503829
6	0.687648
60	0.548860
61	0.703484
62	1.013035
63	1.729808
64	1.010389
65	0.991429
66	1.012084
67	0.695739
68	0.889223
69	0.883256
7	0.999417
70	1.207076
71	1.509628
72	1.932536
73	0.538787
74	0.428753
75	0.435875
76	0.897086
77	0.631831
78	1.637250
79	0.960510
8	0.344686
80	1.183933
81	0.587415
82	0.678999
83	1.272222
84	1.062472
85	0.694714
86	1.332540
87	0.480179
88	1.271680
89	0.554889
9	1.668503
90	0.914042
91	0.746635
92	1.612664
93	0.957506
94	1.055647
95	1.390987
96	0.811920
97	1.071940
98	1.125255
0	-1,0.739321,1,15,66,96
1	-1,1.229435,37,72
10	-1,0.894852,4,6,38,67,78,80
11	-1,0.650315,6,28,40,49,51,67,89
12	-1,0.999294,24,28,50,55,67,85,98
13	-1,0.910974,25,32,33,35,76
14	-1,0.330789,36,39,44,62,98
15	-1,1.213223,47,70,79,95,97
16	-1,0.622659,45,52,67,80
17	-1,0.554163,18,39,41,53,63,72,79,99
18	-1,1.014062,52,61,62,87
19	-1,0.885900,27,33,37,45,92
2	-1,1.019319,31,63
20	-1,1.148866,7,94
22	-1,1.047532,25,65,72,83,97
23	-1,0.571653,92,99
24	-1,1.021716,9,10,18,38,55,93,94
25	-1,0.816510,63
26	-1,0.833053,15,23,28,64
27	-1,1.335720,32,68,70,92
28	-1,0.879525,21,25,72
29	-1,0.867409,18,23,31,36,86
3	-1,0.746311,30,42,45,86
30	-1,0.871493,80,84,95
31	-1,2.140912,29,36,46,49,54,62,70,85
32	-1,0.978673,2,3,6,27,47,69,71,91
33	-1,0.998641,2,56,58,86
34	-1,0.971907,0,7,77,78
35	-1,0.494560,12,18,62,64,65,66,83,91
36	-1,0.772335,12,20,30,34,61,75,77,99
37	-1,1.320043,40,59,71,97
38	-1,1.163647,30,41,98
39	-1,1.131328,31,43,68,71,92
4	-1,0.743754,24,42,46,86
40	-1,0.727618,7,71,72,73
41	-1,0.949431,44,45,49,66
42	-1,0.574864,36,45,70,89,99
43	-1,0.914229,4,21,24,56,67,68,80,86,90
44	-1,0.630728,17,37,38
45	-1,1.446704,18,53,58,83,86,90
46	-1,0.820982,78
47	-1,0.512007,5,14,52,70,73
49	-1,1.147662,2,29,31,39,84
5	-1,0.482063,2,9,24,50,61,81,98
50	-1,0.831586,0,20,46,68
51	-1,0.928935,38,45,61,71
52	-1,0.838141,27,31,64,91
53	-1,0.604492,2,13,65,78,95
54	-1,0.682022,12,69,77
55	-1,0.684336,10,19,22,25,51,58,62
56	-1,0.542768,29,36,80,96,98
57	-1,0.816778,86,94,96,98
58	-1,0.865458,16,38,71,73,78
59	-1,0.504501,10,24,69,92
6	-1,0.688672,15,22,58,80
60	-1,0.549662,14,49,53,56,65
61	-1,0.704526,6,9,18,20,99
62	-1,1.014721,11,22,33,91
63	-1,1.732826,3,64,65,72
64	-1,1.012057,3,27,28,31,33,39,78
65	-1,0.993039,27,88
66	-1,1.013691,8,19,72,81,83,98
67	-1,0.696776,2,26,30,31,32,45
68	-1,0.890711,1,6,19,28,40,81,85
69	-1,0.884618,12,22,42,46,55,72,88
7	-1,1.001116,12,21,38,57,93
70	-1,1.209191,20,63,99
71	-1,1.512365,15,16,45,84,97
72	-1,1.936050,10,49,51,92,93,95
73	-1,0.539497,41,50,51,84,92
74	-1,0.429285,35,54,84
75	-1,0.436434,29,34,37,51,54,65,85,91
76	-1,0.898633,9
77	-1,0.632730,0,5,32,37,40,41,44,69,79,83,85,86,87
78	-1,1.640109,13,19,34,82
79	-1,0.962097,0,26,43,74,90
8	-1,0.345031,13,41,59,87
80	-1,1.185907,31,79
81	-1,0.588212,5,21,26,78,93,96
82	-1,0.680108,2,23,24,32,52,53
83	-1,1.274389,1,4,10,18,27,29,70
84	-1,1.064223,9,21
85	-1,0.695789,32,54,57,64,69,90,99
86	-1,1.334884,11,60,71,95
87	-1,0.480753,8,19,20,27,30,47,54,63
88	-1,1.273952,21,26,44,50,55,82
89	-1,0.555689,16,32,35,38,40,57,58
9	-1,1.671486,33,39,41,43,51,69,80
90	-1,0.915575,1,26,52,93,96
91	-1,0.747742,12,24,66,81,95
92	-1,1.615484,22,34,39,57
93	-1,0.959123,15,43,66,75
94	-1,1.057432,4,17,20,90
95	-1,1.393459,76,88
96	-1,0.813157,12,13,24,31,60,74
97	-1,1.073859,37,50,62,89
98	-1,1.127037,5,13,15,28,49,66,92,94
99	-1,1.180395,1,83
21	-1,8.283222
99	1.178481
