0	0.732761
1	1.217444
10	0.886540
11	0.644487
12	0.990587
13	0.902858
14	0.329053
15	1.201357
16	0.617236
17	0.549868
18	1.004705
19	0.877722
2	1.009868
20	1.137832
21	9.012488
22	1.037552
23	0.566985
24	1.012742
25	0.809292
26	0.825476
27	1.322802
28	0.871595
29	0.859181
3	0.739431
30	0.863794
31	2.118698
32	0.969720
33	0.989046
34	0.962444
35	0.491221
36	0.765664
37	1.306990
38	1.152763
39	1.120181
4	0.736977
40	0.721161
41	0.941008
42	0.570269
43	0.905315
44	0.625643
45	1.432445
46	0.813400
47	0.508042
49	1.136243
5	0.478800
50	0.824061
51	0.920149
52	0.830736
53	0.599530
54	0.676460
55	0.678453
56	0.538391
57	0.809188
58	0.857609
59	0.500684
6	0.682846
60	0.545086
61	0.698594
62	1.005115
63	1.715644
64	1.002573
65	0.983878
66	1.004554
67	0.690875
68	0.882243
69	0.876869
7	0.991459
70	1.197144
71	1.496787
72	1.916024
73	0.535455
74	0.426253
75	0.433249
76	0.889826
77	0.627596
78	1.623841
79	0.953032
8	0.343067
80	1.174671
81	0.583684
82	0.673786
83	1.262046
84	1.054276
85	0.689668
86	1.321549
87	0.477475
88	1.261015
89	0.551134
9	1.654501
90	0.906848
91	0.741453
92	1.599429
93	0.949924
94	1.047297
95	1.379374
96	0.806128
97	1.062935
98	1.116894
0	-1,0.732855,1,15,66,96
1	-1,1.217616,37,72
10	-1,0.886659,4,6,38,67,78,80
11	-1,0.644571,6,28,40,49,51,67,89
12	-1,0.990711,24,28,50,55,67,85,98
13	-1,0.902975,25,32,33,35,76
14	-1,0.329078,36,39,44,62,98
15	-1,1.201527,47,70,79,95,97
16	-1,0.617314,45,52,67,80
17	-1,0.549929,18,39,41,53,63,72,79,99
18	-1,1.004838,52,61,62,87
19	-1,0.877839,27,33,37,45,92
2	-1,1.010004,31,63
20	-1,1.137989,7,94
22	-1,1.037696,25,65,72,83,97
23	-1,0.567051,92,99
24	-1,1.012870,9,10,18,38,55,93,94
25	-1,0.809395,63
26	-1,0.825586,15,23,28,64
27	-1,1.322987,32,68,70,92
28	-1,0.871709,21,25,72
29	-1,0.859299,18,23,31,36,86
3	-1,0.739529,30,42,45,86
30	-1,0.863905,80,84,95
31	-1,2.119017,29,36,46,49,54,62,70,85
32	-1,0.969850,2,3,6,27,47,69,71,91
33	-1,0.989184,2,56,58,86
34	-1,0.962580,0,7,77,78
35	-1,0.491269,12,18,62,64,65,66,83,91
36	-1,0.765760,12,20,30,34,61,75,77,99
37	-1,1.307179,40,59,71,97
38	-1,1.152919,30,41,98
39	-1,1.120342,31,43,68,71,92
4	-1,0.737074,24,42,46,86
40	-1,0.721254,7,71,72,73
41	-1,0.941129,44,45,49,66
42	-1,0.570335,36,45,70,89,99
43	-1,0.905445,4,21,24,56,67,68,80,86,90
44	-1,0.625717,17,37,38
45	-1,1.432652,18,53,58,83,86,90
46	-1,0.813509,78
47	-1,0.508099,5,14,52,70,73
49	-1,1.136409,2,29,31,39,84
5	-1,0.478847,2,9,24,50,61,81,98
50	-1,0.824170,0,20,46,68
51	-1,0.920276,38,45,61,71
52	-1,0.830843,27,31,64,91
53	-1,0.599602,2,13,65,78,95
54	-1,0.676540,12,69,77
55	-1,0.678538,10,19,22,25,51,58,62
56	-1,0.538454,29,36,80,96,98
57	-1,0.809297,86,94,96,98
58	-1,0.857721,16,38,71,73,78
59	-1,0.500738,10,24,69,92
6	-1,0.682930,15,22,58,80
60	-1,0.545152,14,49,53,56,65
61	-1,0.698680,6,9,18,20,99
62	-1,1.005254,11,22,33,91
63	-1,1.715891,3,64,65,72
64	-1,1.002709,3,27,28,31,33,39,78
65	-1,0.984011,27,88
66	-1,1.004686,8,19,72,81,83,98
67	-1,0.690960,2,26,30,31,32,45
68	-1,0.882365,1,6,19,28,40,81,85
69	-1,0.876980,12,22,42,46,55,72,88
7	-1,0.991599,12,21,38,57,93
70	-1,1.197318,20,63,99
71	-1,1.497012,15,16,45,84,97
72	-1,1.916312,10,49,51,92,93,95
73	-1,0.535514,41,50,51,84,92
74	-1,0.426298,35,54,84
75	-1,0.433295,29,34,37,51,54,65,85,91
76	-1,0.889953,9
77	-1,0.627669,0,5,32,37,40,41,44,69,79,83,85,86,87
78	-1,1.624076,13,19,34,82
79	-1,0.953162,0,26,43,74,90
8	-1,0.343095,13,41,59,87
80	-1,1.174832,31,79
81	-1,0.583748,5,21,26,78,93,96
82	-1,0.673877,2,23,24,32,52,53
83	-1,1.262224,1,4,10,18,27,29,70
84	-1,1.054419,9,21
85	-1,0.689757,32,54,57,64,69,90,99
86	-1,1.321741,11,60,71,95
87	-1,0.477523,8,19,20,27,30,47,54,63
88	-1,1.261202,21,26,44,50,55,82
89	-1,0.551199,16,32,35,38,40,57,58
9	-1,1.654745,33,39,41,43,51,69,80
90	-1,0.906974,1,26,52,93,96
91	-1,0.741543,12,24,66,81,95
92	-1,1.599662,22,34,39,57
93	-1,0.950057,15,43,66,75
94	-1,1.047445,4,17,20,90
95	-1,1.379578,76,88
96	-1,0.806229,12,13,24,31,60,74
97	-1,1.063092,37,50,62,89
98	-1,1.117040,5,13,15,28,49,66,92,94
99	-1,1.169674,1,83
21	-1,9.002262
99	1.169517
