0	0.755786
1	1.260419
10	0.918233
11	0.664965
12	1.022701
13	0.932168
14	0.335806
15	1.245235
16	0.636969
17	0.565442
18	1.038728
19	0.907792
2	1.043640
20	1.179773
21	6.292407
22	1.075386
23	0.583314
24	1.045862
25	0.835906
26	0.851694
27	1.372449
28	0.901605
29	0.888419
3	0.768200
30	0.892874
31	2.198986
32	1.000405
33	1.023836
34	0.997338
35	0.502995
36	0.788851
37	1.353925
38	1.192756
39	1.160388
4	0.763362
40	0.744669
41	0.971560
42	0.588747
43	0.937204
44	0.643919
45	1.486132
46	0.841688
47	0.523182
49	1.180129
5	0.491322
50	0.850544
51	0.952218
52	0.855812
53	0.616902
54	0.697587
55	0.700464
56	0.556235
57	0.837946
58	0.886248
59	0.514509
6	0.705300
60	0.560955
61	0.720348
62	1.039092
63	1.779511
64	1.039987
65	1.020587
66	1.037913
67	0.712687
68	0.912980
69	0.904262
7	1.027074
70	1.240695
71	1.552718
72	1.993876
73	0.549418
74	0.437116
75	0.444728
76	0.922517
77	0.645554
78	1.684173
79	0.986577
8	0.350787
80	1.213861
81	0.600435
82	0.695777
83	1.305915
84	1.089905
85	0.712761
86	1.370766
87	0.489362
88	1.310502
89	0.567313
9	1.715997
90	0.938633
91	0.764903
92	1.659894
93	0.985035
94	1.085339
95	1.429168
96	0.830146
97	1.103296
98	1.152513
0	-1,0.760376,1,15,66,96
1	16,1.270810,37,72
10	-1,0.924370,4,6,38,67,78,80
11	-1,0.671871,6,28,40,49,51,67,89
12	38,1.028354,24,28,50,55,67,85,98
13	-1,0.937069,25,32,33,35,76
14	-1,0.335149,36,39,44,62,98
15	17,1.254029,47,70,79,95,97
16	-1,0.638097,45,52,67,80
17	-1,0.570854,18,39,41,53,63,72,79,99
18	35,1.043955,52,61,62,87
19	-1,0.914342,27,33,37,45,92
2	32,1.049224,31,63
20	22,1.188057,7,94
22	29,1.082564,25,65,72,83,97
23	-1,0.589821,92,99
24	30,1.057378,9,10,18,38,55,93,94
25	-1,0.842008,63
26	-1,0.858312,15,23,28,64
27	12,1.375137,32,68,70,92
28	-1,0.907736,21,25,72
29	-1,0.893404,18,23,31,36,86
3	-1,0.774702,30,42,45,86
30	-1,0.895583,80,84,95
31	2,2.219449,29,36,46,49,54,62,70,85
32	40,1.010428,2,3,6,27,47,69,71,91
33	37,1.035381,2,56,58,86
34	-1,1.002562,0,7,77,78
35	-1,0.504489,12,18,62,64,65,66,83,91
36	-1,0.794895,12,20,30,34,61,75,77,99
37	13,1.362167,40,59,71,97
38	21,1.200308,30,41,98
39	24,1.172546,31,43,68,71,92
4	-1,0.766632,24,42,46,86
40	-1,0.748735,7,71,72,73
41	-1,0.981116,44,45,49,66
42	-1,0.589684,36,45,70,89,99
43	-1,0.949581,4,21,24,56,67,68,80,86,90
44	-1,0.644730,17,37,38
45	9,1.487095,18,53,58,83,86,90
46	-1,0.847581,78
47	-1,0.525128,5,14,52,70,73
49	23,1.182042,2,29,31,39,84
5	-1,0.494025,2,9,24,50,61,81,98
50	-1,0.855288,0,20,46,68
51	-1,0.960288,38,45,61,71
52	-1,0.863868,27,31,64,91
53	-1,0.618934,2,13,65,78,95
54	-1,0.699010,12,69,77
55	-1,0.703091,10,19,22,25,51,58,62
56	-1,0.552552,29,36,80,96,98
57	-1,0.840036,86,94,96,98
58	-1,0.888472,16,38,71,73,78
59	-1,0.519094,10,24,69,92
6	-1,0.709966,15,22,58,80
60	-1,0.567843,14,49,53,56,65
61	-1,0.726870,6,9,18,20,99
62	33,1.047559,11,22,33,91
63	4,1.804390,3,64,65,72
64	31,1.049252,3,27,28,31,33,39,78
65	39,1.026058,27,88
66	34,1.045750,8,19,72,81,83,98
67	-1,0.713402,2,26,30,31,32,45
68	-1,0.921006,1,6,19,28,40,81,85
69	-1,0.915875,12,22,42,46,55,72,88
7	36,1.037163,12,21,38,57,93
70	18,1.251502,20,63,99
71	8,1.568318,15,16,45,84,97
72	3,2.006085,10,49,51,92,93,95
73	-1,0.554222,41,50,51,84,92
74	-1,0.438981,35,54,84
75	-1,0.449546,29,34,37,51,54,65,85,91
76	-1,0.929147,9
77	-1,0.649585,0,5,32,37,40,41,44,69,79,83,85,86,87
78	6,1.693145,13,19,34,82
79	-1,0.991297,0,26,43,74,90
8	-1,0.353170,13,41,59,87
80	19,1.224153,31,79
81	-1,0.607517,5,21,26,78,93,96
82	-1,0.699131,2,23,24,32,52,53
83	14,1.317305,1,4,10,18,27,29,70
84	28,1.092397,9,21
85	-1,0.716384,32,54,57,64,69,90,99
86	11,1.375805,11,60,71,95
87	-1,0.495422,8,19,20,27,30,47,54,63
88	15,1.312821,21,26,44,50,55,82
89	-1,0.570826,16,32,35,38,40,57,58
9	5,1.721840,33,39,41,43,51,69,80
90	-1,0.941528,1,26,52,93,96
91	-1,0.767419,12,24,66,81,95
92	7,1.672108,22,34,39,57
93	-1,0.989509,15,43,66,75
94	27,1.095380,4,17,20,90
95	10,1.442859,76,88
96	-1,0.837148,12,13,24,31,60,74
97	26,1.108151,37,50,62,89
98	25,1.162467,5,13,15,28,49,66,92,94
99	20,1.216434,1,83
21	1,5.744584
99	1.211182
