1	2,1.200357,37,72
10	2,0.868452,4,6,38,67,78,80
12	2,1.248928,24,28,50,55,67,85,98
14	2,0.490000,36,39,44,62,98
16	2,0.611428,45,52,67,80
18	2,1.257024,52,61,62,87
23	2,0.674167,92,99
25	2,0.894761,63
27	2,1.412857,32,68,70,92
29	2,0.823928,18,23,31,36,86
3	2,0.590178,30,42,45,86
30	2,1.000000,80,84,95
32	2,1.124075,2,3,6,27,47,69,71,91
34	2,0.787500,0,7,77,78
36	2,0.936250,12,20,30,34,61,75,77,99
38	2,1.370357,30,41,98
41	2,1.108896,44,45,49,66
43	2,0.823928,4,21,24,56,67,68,80,86,90
45	2,1.651667,18,53,58,83,86,90
47	2,0.532500,5,14,52,70,73
49	2,1.008095,2,29,31,39,84
5	2,0.633301,2,9,24,50,61,81,98
50	2,0.917024,0,20,46,68
52	2,1.056667,27,31,64,91
54	2,0.873511,12,69,77
56	2,0.626944,29,36,80,96,98
58	2,0.959524,16,38,71,73,78
61	2,0.972678,6,9,18,20,99
63	2,1.920833,3,64,65,72
65	2,1.085000,27,88
67	2,0.841468,2,26,30,31,32,45
69	2,1.060325,12,22,42,46,55,72,88
7	2,1.000000,12,21,38,57,93
70	2,1.100178,20,63,99
72	2,1.822678,10,49,51,92,93,95
74	2,0.461667,35,54,84
76	2,0.745000,9
78	2,1.957262,13,19,34,82
81	2,0.704524,5,21,26,78,93,96
83	2,1.199968,1,4,10,18,27,29,70
85	2,0.670741,32,54,57,64,69,90,99
87	2,0.640385,8,19,20,27,30,47,54,63
89	2,0.823928,16,32,35,38,40,57,58
9	2,1.837857,33,39,41,43,51,69,80
90	2,0.890040,1,26,52,93,96
92	2,1.757917,22,34,39,57
94	2,1.015178,4,17,20,90
96	2,1.056667,12,13,24,31,60,74
98	2,1.370357,5,13,15,28,49,66,92,94
21	2,2.256111
42	0.557175
60	0.612387
82	0.724788
62	1.068502
64	1.135609
53	0.609738
66	1.122527
68	0.930588
80	1.266146
86	1.295117
84	1.100802
24	1.104624
26	0.863920
20	1.205182
22	1.133523
46	0.852652
44	0.676985
28	0.936719
40	0.771127
0	0.746114
2	1.029860
4	0.712282
6	0.729573
8	0.383791
97	1.088135
39	1.193293
77	0.664315
75	0.439613
73	0.571981
71	1.619496
91	0.850057
59	0.534707
93	0.995155
95	1.493768
79	1.073753
11	0.691965
51	0.950084
13	1.066400
15	1.270533
17	0.575264
19	0.981293
55	0.755106
31	2.390571
37	1.299134
88	1.291316
35	0.549650
99	1.281529
33	1.039564
57	0.875053
