0	2,0.810385,1,15,66,96
11	2,0.575000,6,28,40,49,51,67,89
13	2,0.992917,25,32,33,35,76
15	2,1.276250,47,70,79,95,97
17	2,0.645833,18,39,41,53,63,72,79,99
19	2,0.853274,27,33,37,45,92
2	2,1.213512,31,63
20	2,1.240833,7,94
22	2,1.030357,25,65,72,83,97
24	2,1.365635,9,10,18,38,55,93,94
26	2,0.915001,15,23,28,64
28	2,0.954464,21,25,72
31	2,2.127262,29,36,46,49,54,62,70,85
33	2,0.945357,2,56,58,86
35	2,0.724762,12,18,62,64,65,66,83,91
37	2,1.412468,40,59,71,97
39	2,1.221607,31,43,68,71,92
4	2,0.720040,24,42,46,86
40	2,0.792170,7,71,72,73
42	2,0.696428,36,45,70,89,99
44	2,0.739552,17,37,38
46	2,0.802678,78
51	2,0.932202,38,45,61,71
53	2,0.709584,2,13,65,78,95
55	2,0.655952,10,19,22,25,51,58,62
57	2,0.775357,86,94,96,98
59	2,0.575000,10,24,69,92
6	2,0.810774,15,22,58,80
60	2,0.504167,14,49,53,56,65
62	2,1.078928,11,22,33,91
64	2,1.015178,3,27,28,31,33,39,78
66	2,1.170000,8,19,72,81,83,98
68	2,0.839444,1,6,19,28,40,81,85
71	2,1.446250,15,16,45,84,97
73	2,0.702500,41,50,51,84,92
75	2,0.468750,29,34,37,51,54,65,85,91
77	2,0.752083,0,5,32,37,40,41,44,69,79,83,85,86,87
79	2,1.086635,0,26,43,74,90
8	2,0.397917,13,41,59,87
80	2,1.385873,31,79
82	2,0.504167,2,23,24,32,52,53
84	2,1.226666,9,21
86	2,1.471496,11,60,71,95
88	2,1.121428,21,26,44,50,55,82
91	2,0.893750,12,24,66,81,95
93	2,0.894762,15,43,66,75
95	2,1.297500,76,88
97	2,0.872500,37,50,62,89
99	2,1.532262,1,83
56	0.514412
81	0.646522
54	0.706120
98	1.287218
29	0.849494
61	0.791588
96	0.844665
63	1.874667
89	0.523621
49	1.171006
67	0.702252
69	0.992905
52	0.860302
87	0.550850
85	0.728590
25	0.844039
27	1.437179
21	3.365952
23	0.555929
47	0.554436
45	1.467594
43	0.955706
41	1.083213
1	1.372368
3	0.800881
5	0.535109
7	1.013035
9	1.712667
78	1.629479
83	1.502289
76	0.870233
38	1.279658
72	2.045380
70	1.247845
90	0.943702
92	1.734908
94	1.153546
58	0.936863
10	0.921589
12	1.174362
65	1.066485
14	0.326233
16	0.659030
18	1.146573
30	0.950406
36	0.824364
34	1.088757
74	0.484422
32	1.040330
50	0.842257
